date	sp	csco	intc
1991-01-02	-1.148	-2.539	0
1991-01-03	-1.4	-4.082	0
1991-01-04	-0.283	-3.021	0.647
1991-01-07	-1.747	-2.485	-0.973
1991-01-08	-0.171	3.705	-0.982
1991-01-09	-1.089	-0.608	0.982
1991-01-10	0.971	1.213	0.972
1991-01-11	0.222	-1.212	2.548
1991-01-14	-0.873	1.213	-0.631
1991-01-15	0.396	7.26	2.191
1991-01-16	0.775	4.652	4.243
1991-01-17	3.664	4.701	-0.297
1991-01-18	1.291	1.519	4.083
1991-01-21	-0.353	5.855	2.817
1991-01-22	-0.834	-2.156	-2.817
1991-01-23	0.577	-1.218	0.286
1991-01-24	1.375	-0.491	-0.285
1991-01-25	0.385	5.743	0.569
1991-01-28	-0.012	3.204	0
1991-01-29	-0.057	-0.905	1.13
1991-01-30	1.498	4.01	0.56
1991-01-31	0.882	2.16	2.21
1991-02-01	-0.256	-0.428	2.695
1991-02-04	1.53	-0.862	0
1991-02-05	0.835	0.862	2.106
1991-02-06	1.92	0.854	4.083
1991-02-07	-0.434	-3.243	-1.511
1991-02-08	0.791	3.668	-1.793
1991-02-11	2.536	-2.359	2.299
1991-02-12	-0.839	2.781	-2.817
1991-02-13	0.958	1.674	-0.26
1991-02-14	-1.309	-2.948	-1.575
1991-02-15	1.32	0	3.126
1991-02-19	0.089	-0.859	2.532
1991-02-20	-1.157	-0.432	-0.501
1991-02-21	-0.047	-1.308	-0.504
1991-02-22	0.186	-0.44	0.504
1991-02-25	0.439	0	0.502
1991-02-26	-1.219	-2.228	-1.005
1991-02-27	1.35	-2.972	-0.506
1991-02-28	-0.182	3.868	-3.093
1991-03-01	0.922	1.77	0
1991-03-04	-0.308	1.307	0.523
1991-03-05	1.981	3.404	6.795
1991-03-06	-0.146	-4.712	0.243
1991-03-07	-0.069	-4.027	0.484
1991-03-08	-0.256	1.361	-0.484
1991-03-11	-0.532	-4.61	-11.839
1991-03-12	-0.789	-6.832	-1.099
1991-03-13	1.219	5.407	5.116
1991-03-14	-0.286	-5.407	-0.262
1991-03-15	0.024	-3.077	-0.527
1991-03-18	-0.397	6.062	-0.53
1991-03-19	-1.495	1.942	-3.794
1991-03-20	0.362	9.18	1.916
1991-03-21	-0.365	-7.276	-3.587
1991-03-22	0.245	-2.871	-1.699
1991-03-25	0.637	-4.467	0.853
1991-03-26	1.734	1.512	6.313
1991-03-27	-0.253	5.827	1.058
1991-03-28	-0.035	-8.359	-1.592
1991-04-01	-1.05	-9.122	1.591
1991-04-02	2.184	15.576	2.083
1991-04-03	-0.148	0.957	1.026
1991-04-04	0.219	-2.899	0.509
1991-04-05	-1.168	-1.482	-2.051
1991-04-08	0.875	3.424	0.517
1991-04-09	-1.356	-1.942	-3.943
1991-04-10	-0.11	-0.491	1.86
1991-04-11	1.193	7.129	9.052
1991-04-12	0.731	4.485	4.236
1991-04-15	0.207	-2.667	-0.23
1991-04-16	1.673	6.959	0.691
1991-04-17	0.727	8.841	0.458
1991-04-18	-0.511	-0.772	-2.309
1991-04-19	-1.103	-3.15	-1.175
1991-04-22	-0.849	-2.429	0.706
1991-04-23	0.212	1.626	0.702
1991-04-24	0.262	3.953	2.532
1991-04-25	-0.921	-3.15	-3.704
1991-04-26	-0.061	-2.429	-1.665
1991-04-29	-1.424	-5.909	-3.415
1991-04-30	0.451	3.419	-2.258
1991-05-01	1.308	0.836	-1.535
1991-05-02	0.06	2.469	-0.516
1991-05-03	0.074	0	0.517
1991-05-06	-0.189	2.41	2.041
1991-05-07	-0.729	0	1.504
1991-05-08	0.315	-0.797	2.458
1991-05-09	1.245	1.587	5.662
1991-05-10	-1.979	-3.201	-2.791
1991-05-13	0.271	3.2	-0.473
1991-05-14	-1.374	-3.607	0.944
1991-05-15	-0.824	-8.072	-7.809
1991-05-16	0.977	2.62	-1.535
1991-05-17	0.054	-1.739	0
1991-05-20	-0.03	-0.881	0
1991-05-21	0.821	3.479	-3.142
1991-05-22	0.224	4.185	3.141
1991-05-23	-0.325	1.626	4.041
1991-05-24	0.67	2.39	0.985
1991-05-28	1.172	4.616	4.317
1991-05-29	0.222	-3.054	-1.896
1991-05-30	1.084	1.156	1.896
1991-05-31	0.739	-1.156	4.588
1991-06-03	-0.455	0.772	4.815
1991-06-04	-0.083	1.526	-1.29
1991-06-05	-0.686	0.755	-7.178
1991-06-06	-0.38	-1.134	-0.466
1991-06-07	-1.101	-0.381	-2.364
1991-06-10	-0.227	0	-3.406
1991-06-11	0.653	1.515	1.474
1991-06-12	-1.161	-2.282	-3.728
1991-06-13	0.26	2.282	-1.274
1991-06-14	1.226	2.231	-1.031
1991-06-17	-0.567	4.317	2.558
1991-06-18	-0.406	-1.418	-2.041
1991-06-19	-0.929	-2.899	-2.084
1991-06-20	0.088	-0.369	-0.792
1991-06-21	0.619	-1.862	-0.265
1991-06-24	-1.819	-6.203	-7.166
1991-06-25	-0.078	-1.613	0.569
1991-06-26	0.253	-0.816	4.445
1991-06-27	0.753	1.626	-0.818
1991-06-28	-0.869	-1.626	1.9
1991-07-01	1.805	5.579	-2.174
1991-07-02	-0.119	-1.562	-5.942
1991-07-03	-1.103	0.784	0
1991-07-05	0.201	-0.784	0
1991-07-08	1.027	2.719	2.873
1991-07-09	-0.485	4.495	2.518
1991-07-10	-0.098	0.365	3.261
1991-07-11	0.327	0	-2.71
1991-07-12	0.866	2.166	2.174
1991-07-15	0.561	0	0.537
1991-07-16	-0.223	0.711	-2.162
1991-07-17	-0.094	1.408	-3.334
1991-07-18	1.093	1.389	3.334
1991-07-19	-0.299	3.39	3.226
1991-07-22	-0.349	0	-2.682
1991-07-23	-0.908	-2.703	-3.315
1991-07-24	-0.206	-2.778	0.56
1991-07-25	0.611	1.05	2.21
1991-07-26	-0.008	2.069	-1.099
1991-07-29	0.581	3.685	0.55
1991-07-30	0.92	1.955	0.821
1991-07-31	0.289	1.282	2.422
1991-08-01	-0.178	0.317	5.435
1991-08-02	0.015	3.432	-0.759
1991-08-05	-0.549	1.22	-1.02
1991-08-06	1.434	-1.219	4.021
1991-08-07	-0.015	-2.485	-0.99
1991-08-08	-0.318	-2.226	-3.03
1991-08-09	-0.567	0.321	-1.29
1991-08-12	0.232	3.155	1.802
1991-08-13	0.411	3.059	1.519
1991-08-14	0.072	3.55	1
1991-08-15	-0.146	-3.55	-1.756
1991-08-16	-0.968	2.968	-3.346
1991-08-19	-2.391	-2.367	-1.318
1991-08-20	0.783	-0.902	1.317
1991-08-21	2.899	6.718	5.599
1991-08-22	0.189	1.958	-0.995
1991-08-23	0.723	1.375	0.499
1991-08-26	-0.081	0	0.497
1991-08-27	-0.201	-0.547	3.884
1991-08-28	0.907	1.093	-1.439
1991-08-29	-0.043	-0.544	-0.971
1991-08-30	-0.263	-0.823	-3.475
1991-09-03	-0.833	-1.387	-2.041
1991-09-04	-0.557	-3.99	-0.516
1991-09-05	-0.213	-1.759	-1.566
1991-09-06	-0.01	0	0
1991-09-09	-0.136	3.202	-1.059
1991-09-10	-1.037	-0.287	1.583
1991-09-11	0.138	1.142	2.072
1991-09-12	0.583	2.248	2.03
1991-09-13	-0.973	-2.247	-14.581
1991-09-16	0.569	-2.299	-3.55
1991-09-17	-0.073	0	-1.212
1991-09-18	0.373	2.299	1.812
1991-09-19	0.16	1.691	-0.902
1991-09-20	0.093	0.835	2.093
1991-09-23	-0.517	-0.277	-3.004
1991-09-24	0.463	-0.278	1.812
1991-09-25	-0.214	-3.688	0.299
1991-09-26	-0.101	-7.188	1.482
1991-09-27	-0.153	-0.623	-0.59
1991-09-30	0.507	2.469	0
1991-10-01	0.345	3.003	-2.699
1991-10-02	-0.242	-2.395	-2.774
1991-10-03	-0.981	-2.454	-1.258
1991-10-04	-0.844	2.454	1.258
1991-10-07	-0.457	0.905	0
1991-10-08	0.308	0.3	-3.498
1991-10-09	-1.022	-6.175	-0.325
1991-10-10	0.99	-0.96	8.701
1991-10-11	0.236	4.404	-0.298
1991-10-14	1.307	4.512	2.068
1991-10-15	1.168	2.899	3.449
1991-10-16	0.457	2.817	2.51
1991-10-17	-0.224	0	-3.933
1991-10-18	0.148	-0.278	0.856
1991-10-21	-0.634	-1.403	-2.299
1991-10-22	-0.563	2.235	0.291
1991-10-23	0.028	0.55	-0.874
1991-10-24	-0.743	-3.069	-0.587
1991-10-25	-0.226	-1.426	0
1991-10-28	1.375	3.944	0.586
1991-10-29	0.502	0.276	2.312
1991-10-30	0.377	4.577	0
1991-10-31	-0.127	2.598	-7.411
1991-11-01	-0.291	-3.125	3.031
1991-11-04	-0.266	0.265	-2.112
1991-11-05	-0.403	2.347	2.41
1991-11-06	0.324	0.514	-0.597
1991-11-07	0.957	6.933	2.95
1991-11-08	-0.211	1.896	0.579
1991-11-11	0.058	-0.943	-0.58
1991-11-12	0.917	1.178	0.579
1991-11-13	0.169	2.543	0
1991-11-14	-0.065	-0.917	0
1991-11-15	-3.727	-5.689	-5.342
1991-11-18	0.682	0.971	1.812
1991-11-19	-1.522	-2.942	0
1991-11-20	-0.235	-1	-1.205
1991-11-21	0.403	1	0
1991-11-22	-1.037	-2.01	-0.608
1991-11-25	-0.213	-1.02	-1.846
1991-11-26	0.696	0.766	1.846
1991-11-27	-0.374	0.76	0.305
1991-11-29	-0.354	0	-0.304
1991-12-02	1.634	4.445	2.112
1991-12-03	-0.115	2.386	-0.9
1991-12-04	-0.234	3.705	-0.301
1991-12-05	-0.708	-1.835	-0.302
1991-12-06	0.452	-0.696	1.205
1991-12-09	-0.222	1.619	1.191
1991-12-10	-0.095	-0.921	1.759
1991-12-11	-0.053	0	-0.876
1991-12-12	1.014	0.922	2.032
1991-12-13	0.762	0.686	1.709
1991-12-16	-0.003	2.029	1.681
1991-12-17	-0.443	0	-1.117
1991-12-18	0.188	1.551	0.839
1991-12-19	-0.251	-1.55	-5.437
1991-12-20	1.175	-1.802	0
1991-12-23	2.496	2.69	3.468
1991-12-24	0.631	4.752	2.801
1991-12-26	1.37	7.32	4.852
1991-12-27	0.399	0.781	0
1991-12-30	2.113	4.191	2.598
1991-12-31	0.469	-1.125	0.512
1992-01-02	0.041	-0.758	2.519
1992-01-03	0.497	1.883	-0.499
1992-01-06	-0.33	0.372	-1.511
1992-01-07	-0.134	4.008	4.468
1992-01-08	0.168	4.538	1.446
1992-01-09	-0.117	0.511	2.364
1992-01-10	-0.603	-1.886	-1.412
1992-01-13	-0.183	1.033	1.412
1992-01-14	1.461	-0.343	1.852
1992-01-15	0.078	2.712	2.715
1992-01-16	-0.61	1.494	8.553
1992-01-17	0.155	-1.16	2.429
1992-01-20	-0.599	-6.542	-1.613
1992-01-21	-0.898	-4.736	-3.306
1992-01-22	1.322	7.889	2.899
1992-01-23	-0.761	1.709	1.015
1992-01-24	0.125	0.338	0.805
1992-01-27	-0.118	0.674	-1.616
1992-01-28	-0.007	0.168	2.017
1992-01-29	-1.12	-2.202	-3.452
1992-01-30	0.314	2.034	0.207
1992-01-31	-0.692	0.835	-1.245
1992-02-03	0.181	4.871	-0.209
1992-02-04	1.049	2.039	4.7
1992-02-05	-0.002	2.907	0.2
1992-02-06	-0.005	1.645	-0.6
1992-02-07	-0.662	1.473	3.35
1992-02-10	0.65	-1.77	1.156
1992-02-11	-0.002	-1.197	0.382
1992-02-12	0.811	2.968	3.746
1992-02-13	-0.828	-0.292	0.732
1992-02-14	-0.293	-1.18	-2.027
1992-02-18	-1.244	-2.251	-3.99
1992-02-19	0.216	-0.762	-1.17
1992-02-20	1.372	2.268	3.468
1992-02-21	-0.591	-2.574	2.617
1992-02-24	0.197	-1.857	-3.569
1992-02-25	-0.442	-0.784	-2.517
1992-02-26	1.187	4.616	2.708
1992-02-27	-0.359	-0.755	-1.539
1992-02-28	-0.281	-1.219	-1.562
1992-03-02	-0.061	-0.615	3.482
1992-03-03	0.097	-0.619	-1.34
1992-03-04	-0.856	-0.623	-1.749
1992-03-05	-0.691	-1.258	-0.393
1992-03-06	-0.511	-1.274	-1.989
1992-03-09	0.19	0.957	0
1992-03-10	0.414	2.198	3.55
1992-03-11	-0.705	-2.198	-3.15
1992-03-12	-0.035	0.475	2.372
1992-03-13	0.482	0.158	0
1992-03-16	0.135	-0.158	2.125
1992-03-17	0.782	3.873	0.572
1992-03-18	-0.105	1.808	1.322
1992-03-19	0.159	-1.05	-1.512
1992-03-20	0.365	0	-0.957
1992-03-23	-0.339	-2.288	-2.729
1992-03-24	-0.252	1.227	-3.213
1992-03-25	-0.333	4.179	-1.646
1992-03-26	0.083	-1.177	-2.522
1992-03-27	-1.075	-8.004	-6.142
1992-03-30	-0.124	0	-3.687
1992-03-31	0.171	1.274	3.687
1992-04-01	0.134	2.5	0.901
1992-04-02	-0.927	-1.555	-0.901
1992-04-03	0.262	0.313	-0.909
1992-04-06	1.001	3.077	5.551
1992-04-07	-1.874	-7.551	-2.848
1992-04-08	-0.898	0	2.198
1992-04-09	1.544	4.16	-0.436
1992-04-10	0.907	-6.141	-11.316
1992-04-13	0.442	1.324	-2.475
1992-04-14	1.542	4.502	4.652
1992-04-15	0.939	0	2.364
1992-04-16	-0.055	-2.871	-2.364
1992-04-20	-1.426	-3.625	-2.421
1992-04-21	0.024	-2.722	-0.985
1992-04-22	-0.11	2.722	3.406
1992-04-23	0.436	-2.377	-0.479
1992-04-24	-0.629	0.343	-0.482
1992-04-27	-0.139	-2.778	-1.46
1992-04-28	0.161	-3.95	-0.491
1992-04-29	0.709	3.95	2.673
1992-04-30	0.709	2.778	2.604
1992-05-01	-0.585	1.022	-1.65
1992-05-04	1.056	2.345	-0.238
1992-05-05	-0.017	2.936	3.509
1992-05-06	-0.012	0	-1.156
1992-05-07	-0.226	-1.621	0
1992-05-08	0.048	1.299	-0.7
1992-05-11	0.585	2.233	-0.469
1992-05-12	-0.527	-0.951	-2.865
1992-05-13	0.038	-2.581	-0.729
1992-05-14	-0.798	5.097	-4.489
1992-05-15	-0.741	1.541	-1.543
1992-05-18	0.661	2.118	-2.095
1992-05-19	0.859	0.597	-0.53
1992-05-20	-0.236	0.593	1.845
1992-05-21	-0.674	-1.791	-0.786
1992-05-22	0.344	-0.604	2.083
1992-05-26	-0.632	-0.608	-1.558
1992-05-27	0.185	0	3.599
1992-05-28	1.103	3.594	2
1992-05-29	-0.334	7.369	-0.995
1992-06-01	0.468	5.837	1.98
1992-06-02	-0.915	-2.611	0.245
1992-06-03	0.263	-1.064	0.73
1992-06-04	-0.321	0.534	-2.457
1992-06-05	0.053	-1.609	-0.499
1992-06-08	-0.029	0.54	1.242
1992-06-09	-0.802	-1.081	0.493
1992-06-10	-0.688	-0.544	-1.485
1992-06-11	0.441	1.087	-0.249
1992-06-12	0.173	1.609	-1.005
1992-06-15	0.129	0.266	-2.041
1992-06-16	-0.481	-2.145	0
1992-06-17	-1.495	-4.15	-1.558
1992-06-18	-0.324	-2.866	6.584
1992-06-19	0.674	2.299	3.373
1992-06-22	-0.067	-0.57	2.342
1992-06-23	0.159	3.922	1.835
1992-06-24	-0.052	0.821	-0.456
1992-06-25	-0.176	-1.649	-0.687
1992-06-26	0.082	-0.556	1.596
1992-06-29	1.352	5.157	4.426
1992-06-30	-0.196	-0.53	-1.308
1992-07-01	1.155	3.655	1.739
1992-07-02	-0.269	-2.072	-3.733
1992-07-06	0.501	1.559	1.993
1992-07-07	-1.137	-6.111	-1.547
1992-07-08	0.273	0.274	1.547
1992-07-09	0.956	2.695	0.873
1992-07-10	0.097	-0.801	-1.754
1992-07-13	0.06	0.801	0.441
1992-07-14	0.675	3.141	2.609
1992-07-15	-0.139	2.293	0
1992-07-16	0.105	0.252	-0.43
1992-07-17	-0.461	-1.01	-3.509
1992-07-20	-0.451	1.01	-0.447
1992-07-21	0.002	1.99	1.336
1992-07-22	-0.686	-3.509	-2.237
1992-07-23	0.28	2.519	3.991
1992-07-24	-0.117	2.941	1.296
1992-07-27	-0.015	-1.951	-2.609
1992-07-28	1.443	2.433	4.311
1992-07-29	1.122	0.957	-0.848
1992-07-30	0.4	0.238	0.425
1992-07-31	0.068	1.415	1.263
1992-08-03	0.207	-0.234	1.865
1992-08-04	-0.172	0	-0.412
1992-08-05	-0.513	-2.375	-2.084
1992-08-06	-0.38	-3.673	-1.485
1992-08-07	-0.407	0	0.214
1992-08-10	0.129	1.975	0.849
1992-08-11	-0.124	0.73	-0.211
1992-08-12	-0.268	-2.457	-2.142
1992-08-13	-0.012	-1.252	1.291
1992-08-14	0.521	-1.267	1.905
1992-08-17	0.198	0	-1.905
1992-08-18	0.142	0	-1.29
1992-08-19	-0.753	0	-3.077
1992-08-20	0.019	0	1.989
1992-08-21	-0.819	-3.636	-1.1
1992-08-24	-1	-4.879	-2.464
1992-08-25	0.216	3.547	2.02
1992-08-26	0.461	0.801	1.324
1992-08-27	0.005	-1.07	1.307
1992-08-28	0.316	-0.269	0
1992-08-31	-0.195	1.072	0.432
1992-09-01	0.491	2.891	1.921
1992-09-02	0.458	3.563	2.711
1992-09-03	0	0.499	2.439
1992-09-04	-0.216	0	-1.619
1992-09-08	-0.635	0.249	-0.409
1992-09-09	0.462	3.175	3.226
1992-09-10	0.859	2.844	1.965
1992-09-11	-0.088	-0.234	-0.39
1992-09-14	1.347	2.086	2.317
1992-09-15	-1.302	-2.321	-2.708
1992-09-16	0.036	-1.418	0
1992-09-17	0.002	1.887	1.169
1992-09-18	0.712	1.852	1.156
1992-09-21	-0.187	2.268	-0.577
1992-09-22	-1.191	-1.354	-0.968
1992-09-23	0.072	-1.373	3.629
1992-09-24	0.246	2.503	-0.942
1992-09-25	-0.989	-4.364	-1.912
1992-09-28	0.546	-3.341	0.769
1992-09-29	0.043	2.871	0.382
1992-09-30	0.24	-0.236	0.381
1992-10-01	-0.362	0.706	-3.089
1992-10-02	-1.408	-3.828	-1.98
1992-10-05	-0.709	-0.244	1.784
1992-10-06	-0.096	2.653	2.904
1992-10-07	-0.722	0.947	0.381
1992-10-08	0.862	3.02	0.757
1992-10-09	-1.256	-1.151	0.376
1992-10-12	1.18	1.379	-0.944
1992-10-13	0.455	0.228	-1.916
1992-10-14	0.017	0.228	-2.348
1992-10-15	0.056	0.905	1.376
1992-10-16	0.519	2.447	-1.179
1992-10-19	0.786	1.526	4.066
1992-10-20	0.12	0.432	1.319
1992-10-21	0.046	0.645	3.315
1992-10-22	-0.185	1.277	-1.829
1992-10-23	-0.193	-1.063	-0.927
1992-10-26	0.976	1.695	2.173
1992-10-27	0.079	-1.695	-1.842
1992-10-28	0.391	2.532	0
1992-10-29	0.174	1.653	-1.121
1992-10-30	-0.519	-1.653	1.493
1992-11-02	0.967	2.062	0.369
1992-11-03	-0.672	0	-0.741
1992-11-04	-0.671	0.407	0.556
1992-11-05	0.294	4.375	3.452
1992-11-06	-0.182	2.308	-1.439
1992-11-09	0.242	0.947	0.361
1992-11-10	0.007	5.317	0.899
1992-11-11	0.852	0.711	0.713
1992-11-12	0.159	1.233	-1.612
1992-11-13	-0.104	-1.234	1.077
1992-11-16	-0.415	-1.249	-1.802
1992-11-17	-0.336	-1.629	-1.466
1992-11-18	0.85	3.585	2.55
1992-11-19	0.18	1.398	0.359
1992-11-20	0.715	2.74	1.069
1992-11-23	-0.359	-1.36	-1.07
1992-11-24	0.579	3.698	0.714
1992-11-25	0.374	-1.329	0.355
1992-11-27	0.226	0	0.706
1992-11-30	0.276	0	0.702
1992-12-01	-0.132	-0.84	2.076
1992-12-02	-0.207	-2.216	0.341
1992-12-03	0.005	1.37	5.317
1992-12-04	0.499	1.352	1.923
1992-12-07	0.749	0.669	0.316
1992-12-08	0.385	-1.005	-0.954
1992-12-09	-0.307	-0.675	1.584
1992-12-10	-0.232	-0.68	1.25
1992-12-11	-0.21	-2.069	-2.04
1992-12-14	-0.205	-1.05	-1.115
1992-12-15	-0.062	-1.062	-0.804
1992-12-16	-0.243	-1.074	7.618
1992-12-17	0.902	4.054	3.53
1992-12-18	1.335	0.86	-1.163
1992-12-21	-0.131	0	5.129
1992-12-22	-0.089	0.341	-1.399
1992-12-23	-0.291	1.356	1.398
1992-12-24	0.168	1.338	0
1992-12-28	-0.141	6.121	0.416
1992-12-29	-0.267	-3.175	-1.533
1992-12-30	0.192	1.442	-1.13
1992-12-31	-0.711	0	-1.143
1993-01-04	-0.076	-0.798	-0.577
1993-01-05	-0.239	2.688	5.071
1993-01-06	0.041	2.465	8.046
1993-01-07	-0.876	-2.622	1.009
1993-01-08	-0.391	1.551	-0.882
1993-01-11	0.442	2.432	3.605
1993-01-12	0.021	0.748	-0.367
1993-01-13	0.461	2.648	7.665
1993-01-14	0.67	3.844	2.356
1993-01-15	0.277	-2.977	-0.891
1993-01-18	-0.071	2.557	4.27
1993-01-19	-0.392	-0.987	-1.621
1993-01-20	-0.405	0.565	-1.869
1993-01-21	0.488	4.138	-0.557
1993-01-22	0.142	-0.406	-0.447
1993-01-25	0.89	1.214	1.115
1993-01-26	-0.014	-1.486	1.518
1993-01-27	-0.419	-2.899	-1.542
1993-01-28	0.125	-1.838	-3.272
1993-01-29	0.027	0.994	-2.086
1993-02-01	0.849	2.51	4.129
1993-02-02	0.009	2.045	0
1993-02-03	1.043	-0.406	-2.158
1993-02-04	0.526	-0.954	0.343
1993-02-05	-0.14	-2.915	-2.198
1993-02-08	-0.241	-0.849	-0.704
1993-02-09	-0.564	-2.59	4.039
1993-02-10	0.202	2.59	3.556
1993-02-11	0.32	-0.57	-1.873
1993-02-12	-0.69	-1.294	-1.232
1993-02-16	-2.429	-5.504	-4.727
1993-02-17	-0.141	0.306	2.449
1993-02-18	-0.324	4.472	1.373
1993-02-19	0.536	-0.879	4.77
1993-02-22	0.235	-3.288	-0.761
1993-02-23	-0.101	-1.686	-1.098
1993-02-24	1.386	5.269	3.897
1993-02-25	0.333	1.745	0.212
1993-02-26	0.235	1.004	-1.279
1993-03-01	-0.309	-2.163	-1.079
1993-03-02	1.324	3.298	3.622
1993-03-03	0.303	2.094	0.314
1993-03-04	-0.428	1.916	-1.048
1993-03-05	-0.275	-0.271	-2.454
1993-03-08	1.909	-1.643	2.769
1993-03-09	-0.068	0.962	-0.844
1993-03-10	0.424	0.818	-0.745
1993-03-11	-0.574	2.015	-0.213
1993-03-12	-0.861	0.266	0.64
1993-03-15	0.355	1.579	0.846
1993-03-16	-0.013	-0.786	0.944
1993-03-17	-0.68	-2.938	-4.265
1993-03-18	0.795	-1.364	0.867
1993-03-19	-0.379	-1.802	-1.743
1993-03-22	-0.289	-3.849	-0.661
1993-03-23	-0.027	-2.95	-0.443
1993-03-24	-0.154	-0.601	1.544
1993-03-25	0.625	8.097	0.98
1993-03-26	-0.69	0.554	-1.089
1993-03-29	0.665	-2.801	0.11
1993-03-30	0.266	-0.57	1.088
1993-03-31	-0.066	2.26	-0.434
1993-04-01	-0.304	-1.123	-3.09
1993-04-02	-2.003	-4.329	-3.653
1993-04-05	0.208	1.173	2.413
1993-04-06	-0.256	0.292	1.241
1993-04-07	0.355	3.989	2.217
1993-04-08	-0.201	-2.546	-0.881
1993-04-12	1.467	0.287	3.905
1993-04-13	0.189	3.647	-4.238
1993-04-14	-0.125	0.823	0.111
1993-04-15	-0.058	-1.099	-1.003
1993-04-16	0.12	-1.671	-1.467
1993-04-19	-0.33	-3.429	-11.806
1993-04-20	-0.529	-2.95	3.271
1993-04-21	-0.331	3.53	1.718
1993-04-22	-0.944	-0.58	-6.795
1993-04-23	-0.555	-1.464	-3.444
1993-04-26	-0.341	-4.218	-5.855
1993-04-27	0.565	-0.617	5.158
1993-04-28	0.002	5.423	2.681
1993-04-29	0.221	2.605	1.314
1993-04-30	0.273	-5.884	-0.655
1993-05-03	0.514	4.734	1.952
1993-05-04	0.359	3.13	4.411
1993-05-05	0.106	3.034	0.123
1993-05-06	-0.284	-1.643	-0.246
1993-05-07	-0.215	7.45	0.738
1993-05-10	0.111	1.526	0.489
1993-05-11	0.352	0.504	-2.971
1993-05-12	0.099	-1.519	-1.519
1993-05-13	-1.26	-0.768	-0.128
1993-05-14	0.075	3.038	-0.384
1993-05-17	0.184	3.912	1.526
1993-05-18	-0.011	2.135	2.248
1993-05-19	1.633	3.913	3.16
1993-05-20	-1.572	-1.363	-0.239
1993-05-21	1.185	-1.151	-0.722
1993-05-24	0.483	0.462	0.242
1993-05-25	0.19	-1.392	0
1993-05-26	1.017	5.012	6.303
1993-05-27	-0.227	-2.247	2.016
1993-05-28	-0.492	-1.835	-1.677
1993-06-01	0.805	-2.342	4.086
1993-06-02	0.004	0.237	-0.651
1993-06-03	-0.3	2.567	-0.766
1993-06-04	-0.538	-3.996	-0.993
1993-06-07	-0.528	-2.182	3.057
1993-06-08	-0.668	-0.985	-2.615
1993-06-09	0.24	0.74	-1.334
1993-06-10	-0.09	1.705	-2.262
1993-06-11	0.421	1.914	3.374
1993-06-14	0.101	2.342	1.1
1993-06-15	-0.322	0	1.088
1993-06-16	0.26	-1.164	-2.189
1993-06-17	0.248	-0.469	-0.666
1993-06-18	-1.089	-3.107	-1.345
1993-06-21	0.571	-1.221	2.453
1993-06-22	-0.065	-0.246	-2.228
1993-06-23	-0.616	-0.494	-0.905
1993-06-24	0.771	1.718	-2.299
1993-06-25	0.219	3.819	1.615
1993-06-28	0.945	5.246	2.486
1993-06-29	-0.257	-1.117	0.889
1993-06-30	-0.036	-1.586	-2.691
1993-07-01	-0.336	1.361	-1.835
1993-07-02	-0.711	0	-0.231
1993-07-06	-0.994	-1.36	-1.167
1993-07-07	0.317	-3.248	-1.181
1993-07-08	1.299	1.172	3.959
1993-07-09	-0.109	2.076	2.257
1993-07-12	0.19	0.909	-0.672
1993-07-13	-0.198	1.572	-2.043
1993-07-14	0.443	0.223	-2.086
1993-07-15	-0.191	-7.376	-1.178
1993-07-16	-0.775	-4.401	-4.359
1993-07-19	0.063	-1.005	0.74
1993-07-20	0.287	5.407	2.187
1993-07-21	-0.029	-1.933	-1.697
1993-07-22	-0.599	-0.981	-2.225
1993-07-23	0.581	4.102	3.44
1993-07-26	0.444	4.846	2.246
1993-07-27	-0.189	-5.082	0.236
1993-07-28	-0.234	1.645	1.172
1993-07-29	0.68	-1.173	-1.173
1993-07-30	-0.47	-2.146	-1.425
1993-08-02	0.45	1.198	0.715
1993-08-03	-0.196	1.887	0.71
1993-08-04	-0.163	1.623	3.705
1993-08-05	-0.091	1.37	1.355
1993-08-06	0.123	2.905	2.655
1993-08-09	0.454	3.463	0.869
1993-08-10	-0.282	0	-1.527
1993-08-11	0.224	-2.151	3.244
1993-08-12	-0.334	-0.874	0.213
1993-08-13	0.262	-7.04	1.475
1993-08-16	0.496	3.468	7.456
1993-08-17	0.166	4.01	0.966
1993-08-18	0.64	-0.877	0.766
1993-08-19	0.085	-3.588	-2.317
1993-08-20	-0.059	-3.013	-0.392
1993-08-23	-0.204	1.634	0.781
1993-08-24	0.992	2.062	-1.174
1993-08-25	0.078	-3.931	-1.588
1993-08-26	0.198	-5.08	1.39
1993-08-27	-0.109	4.37	0.393
1993-08-30	0.295	-5.618	0.587
1993-08-31	0.359	-4.103	0.39
1993-09-01	-0.088	1.042	-1.174
1993-09-02	-0.4	1.031	-0.79
1993-09-03	0.009	-2.862	-0.398
1993-09-07	-0.613	-8.821	-1.202
1993-09-08	-0.409	0.861	1.6
1993-09-09	0.186	6.364	2.74
1993-09-10	0.918	-4.104	1.151
1993-09-13	0.074	-6.939	-1.152
1993-09-14	-0.469	1.191	-2.344
1993-09-15	0.369	2.339	2.537
1993-09-16	-0.471	5.619	-1.358
1993-09-17	-0.131	0	0.39
1993-09-20	-0.827	-2.77	1.353
1993-09-21	-0.463	1.118	0.192
1993-09-22	0.715	4.879	3.019
1993-09-23	0.337	0	1.659
1993-09-24	-0.024	2.612	0.547
1993-09-27	0.907	4.781	2.336
1993-09-28	-0.059	2.187	3.319
1993-09-29	-0.308	-0.967	0.685
1993-09-30	-0.257	-2.956	-3.473
1993-10-01	0.513	-1.258	3.13
1993-10-04	0.011	0.253	-0.343
1993-10-05	-0.03	-3.338	-3.853
1993-10-06	-0.1	-3.723	-1.077
1993-10-07	-0.339	-2.469	-0.725
1993-10-08	0.246	5.407	2.159
1993-10-11	0.124	-3.209	-7.001
1993-10-12	0.052	10.073	-0.766
1993-10-13	0.08	-1.237	-2.335
1993-10-14	1.15	-1.504	1.95
1993-10-15	0.57	-1.015	0
1993-10-18	-0.224	-2.846	-2.74
1993-10-19	-0.479	-0.262	-1.197
1993-10-20	-0.03	-2.127	0.8
1993-10-21	-0.152	4.726	2.751
1993-10-22	-0.45	1.526	-0.389
1993-10-25	0.2	0.504	-1.174
1993-10-26	0.021	-0.504	0.471
1993-10-27	0.067	2	1.169
1993-10-28	0.669	-1.496	-1.562
1993-10-29	0.021	2.97	-0.395
1993-11-01	0.271	4.296	0
1993-11-02	-0.141	-1.175	-0.794
1993-11-03	-1.164	-3.61	-3.034
1993-11-04	-1.201	-2.482	-3.128
1993-11-05	0.454	7.267	2.923
1993-11-08	0.139	1.161	-1.243
1993-11-09	0.026	-0.231	1.653
1993-11-10	0.734	0.692	4.016
1993-11-11	-0.233	2.498	0.393
1993-11-12	0.593	0	-1.581
1993-11-15	-0.353	2.217	-4.481
1993-11-16	0.643	0.219	0.83
1993-11-17	-0.414	-2.436	-2.723
1993-11-18	-0.256	0.671	-1.714
1993-11-19	-0.22	1.547	-1.743
1993-11-22	-0.753	-2.217	1.093
1993-11-23	0.413	1.778	2.363
1993-11-24	0.288	1.313	1.893
1993-11-26	0.151	-0.217	0.416
1993-11-29	-0.251	-2.649	-0.624
1993-11-30	-0.024	0.669	2.678
1993-12-01	0.022	2.415	2.013
1993-12-02	0.264	2.992	0.397
1993-12-03	0.384	3.109	0.791
1993-12-06	0.331	0.813	-6.506
1993-12-07	0.071	0.404	-0.21
1993-12-08	-0.101	-2.449	0.211
1993-12-09	-0.454	-1.457	-2.553
1993-12-10	-0.054	0.21	-3.063
1993-12-13	0.381	0.209	2.198
1993-12-14	-0.569	-1.049	0
1993-12-15	-0.264	0.211	2.151
1993-12-16	0.324	1.255	0
1993-12-17	0.654	0.622	-1.285
1993-12-20	-0.114	2.045	0.858
1993-12-21	-0.118	-1.222	1.695
1993-12-22	0.433	-0.411	3.712
1993-12-23	0.013	2.238	0.605
1993-12-27	0.674	-0.201	1.2
1993-12-28	0.085	1.6	1.773
1993-12-29	-0.076	0.791	-1.376
1993-12-30	-0.413	3.482	-0.198
1993-12-31	-0.468	-1.726	-1.6
1994-01-03	-0.217	-0.582	-1.217
1994-01-04	0.311	1.16	4.001
1994-01-05	0.141	2.282	0.781
1994-01-06	-0.092	-0.755	-0.39
1994-01-07	0.593	0.943	2.888
1994-01-10	1.136	2.775	1.694
1994-01-11	-0.24	-0.733	-0.374
1994-01-12	0.008	0	2.405
1994-01-13	-0.359	-1.109	-0.55
1994-01-14	0.515	2.569	0.732
1994-01-17	-0.34	0.542	-3.34
1994-01-18	0.2	1.963	1.498
1994-01-19	0.01	-2.143	-7.325
1994-01-20	0.143	-0.907	1.98
1994-01-21	-0.055	2.162	2.134
1994-01-24	-0.581	0.178	0.574
1994-01-25	-0.223	-2.523	-0.575
1994-01-26	0.483	-0.366	-2.251
1994-01-27	0.81	0.547	0.977
1994-01-28	0.345	2.695	1.353
1994-01-31	0.606	2.798	0.192
1994-02-01	-0.414	-1.389	-0.963
1994-02-02	0.495	2.076	0.962
1994-02-03	-0.268	2.369	-3.113
1994-02-04	-2.294	-4.096	-2.401
1994-02-07	0.414	1.04	0.404
1994-02-08	-0.149	2.048	2.39
1994-02-09	0.362	0.337	0.589
1994-02-10	-0.816	-3.077	-1.181
1994-02-11	0.266	3.246	0.985
1994-02-14	0.011	0.503	0.196
1994-02-15	0.486	-1.347	1.746
1994-02-16	0.057	-0.851	3.031
1994-02-17	-0.52	0.341	-0.749
1994-02-18	-0.565	-0.512	0.375
1994-02-22	0.803	1.361	2.952
1994-02-23	-0.163	-1.36	-0.182
1994-02-24	-1.376	-1.727	-1.283
1994-02-25	0.389	1.898	0.735
1994-02-28	0.229	0.851	0.73
1994-03-01	-0.58	0.507	-2.952
1994-03-02	0.08	1.507	-0.187
1994-03-03	-0.388	1.973	2.043
1994-03-04	0.373	2.89	2.362
1994-03-07	0.466	1.726	2.307
1994-03-08	-0.221	-0.468	-0.704
1994-03-09	0.253	0.934	1.229
1994-03-10	-0.679	-0.933	-2.116
1994-03-11	0.546	-0.313	-2.162
1994-03-14	0.203	0.313	1.984
1994-03-15	-0.081	-1.575	1.77
1994-03-16	0.515	0.159	0.873
1994-03-17	0.315	0.789	0.521
1994-03-18	0.034	-0.631	-0.347
1994-03-21	-0.536	-1.917	0.346
1994-03-22	0.055	-2.615	-0.347
1994-03-23	-0.056	-1.334	-0.696
1994-03-24	-0.898	-7.67	-1.763
1994-03-25	-0.815	-4.445	-0.715
1994-03-28	-0.126	0	-1.626
1994-03-29	-1.648	-3.077	-3.522
1994-03-30	-1.543	1.551	0
1994-03-31	0.049	5.245	1.869
1994-04-04	-1.549	-3.34	-0.371
1994-04-05	2.112	5.506	2.205
1994-04-06	-0.054	1.77	1.265
1994-04-07	0.63	0	1.426
1994-04-08	-0.842	-2.487	-1.786
1994-04-11	0.618	-4.037	-0.27
1994-04-12	-0.513	-7.583	-5.096
1994-04-13	-0.293	-3.494	-3.089
1994-04-14	0.027	1.247	-6.271
1994-04-15	-0.045	0	-0.209
1994-04-18	-0.837	-1.248	-2.114
1994-04-19	0.018	-1.263	-1.724
1994-04-20	-0.131	-1.71	0
1994-04-21	1.52	9.453	4.672
1994-04-22	-0.245	-1.98	0.207
1994-04-25	1.129	1.587	4.137
1994-04-26	-0.186	0.784	0.594
1994-04-28	-0.615	-2.322	-2.501
1994-04-29	0.402	-3.095	-1.12
1994-05-02	0.467	6.968	-0.823
1994-05-03	0.002	-3.523	-1.878
1994-05-04	-0.29	-2.012	-1.377
1994-05-05	-0.075	2.41	0.85
1994-05-06	-0.792	0	1.052
1994-05-09	-1.236	-4.879	-1.796
1994-05-10	0.831	-5.129	1.482
1994-05-11	-1.019	1.739	0
1994-05-12	0.511	0	-1.589
1994-05-13	0.088	-22.1	-0.321
1994-05-16	0.079	-3.279	-1.51
1994-05-17	1.092	-1.681	1.296
1994-05-18	0.957	7.613	1.173
1994-05-19	0.613	0.262	1.995
1994-05-20	-0.342	-2.914	-0.626
1994-05-23	-0.379	5.236	-0.419
1994-05-24	0.355	3.015	3.306
1994-05-25	0.336	1.961	-0.408
1994-05-26	0.158	-2.956	-1.232
1994-05-27	0.059	1.489	1.436
1994-05-31	-0.179	-2.494	1.816
1994-06-01	0.245	0	3.319
1994-06-02	0.004	-2.557	-0.169
1994-06-03	0.54	1.542	-2.353
1994-06-06	-0.272	2.02	-2.105
1994-06-07	-0.146	-4.082	-0.304
1994-06-08	-0.251	-5.9	-2.887
1994-06-09	0.175	1.916	-1.263
1994-06-10	0.177	1.879	1.654
1994-06-13	0.094	-2.696	-0.811
1994-06-14	0.71	8.13	2.899
1994-06-15	-0.381	0.252	-0.511
1994-06-16	0.286	-0.757	-0.721
1994-06-17	-0.756	-1.274	-0.829
1994-06-20	-0.665	-0.514	-1.893
1994-06-21	-0.898	-2.611	-1.497
1994-06-22	0.387	-0.53	2.763
1994-06-23	-0.767	-11.247	-2.118
1994-06-24	-1.531	5.218	0
1994-06-27	1.013	4.421	2.328
1994-06-28	-0.278	-0.542	0.834
1994-06-29	0.349	3.733	-1.463
1994-06-30	-0.753	-2.116	-1.485
1994-07-01	0.433	0.799	0.851
1994-07-05	0.038	-2.689	-2.142
1994-07-06	-0.054	0.272	-1.636
1994-07-07	0.503	1.617	1.853
1994-07-08	0.261	-2.162	2.137
1994-07-11	-0.332	3.754	1.651
1994-07-12	-0.025	-4.302	0.026
1994-07-13	0.174	5.349	2.667
1994-07-14	1.037	-19.49	-0.406
1994-07-15	0.165	-0.635	-3.306
1994-07-18	0.233	6.174	-1.482
1994-07-19	-0.299	-3.659	-2.811
1994-07-20	-0.499	0.311	-0.881
1994-07-21	0.223	1.536	3.452
1994-07-22	0.11	0	-1.047
1994-07-25	0.251	-1.846	-0.108
1994-07-26	-0.196	-1.881	-0.755
1994-07-27	-0.174	-0.635	-0.876
1994-07-28	0.368	1.266	1.853
1994-07-29	0.879	5.506	2.348
1994-08-01	0.6	4.367	0.631
1994-08-02	-0.098	-3.184	-0.21
1994-08-03	0.195	-0.59	-1.269
1994-08-04	-0.665	-1.19	-2.586
1994-08-05	-0.286	0	1.516
1994-08-08	0.175	3.53	-0.215
1994-08-09	0.007	1.435	2.132
1994-08-10	0.518	-1.435	0.84
1994-08-11	-0.309	-1.163	1.041
1994-08-12	0.667	0	-0.311
1994-08-15	-0.156	2.312	0.931
1994-08-16	0.816	2.817	1.328
1994-08-17	0.034	6.454	3.491
1994-08-18	-0.431	-2.105	-0.615
1994-08-19	0.11	-3.794	0.123
1994-08-22	-0.296	1.643	0.492
1994-08-23	0.475	2.151	0.781
1994-08-24	0.968	0	-0.097
1994-08-25	-0.203	2.106	1.45
1994-08-26	1.215	6.552	1.335
1994-08-29	0.167	2.41	0.189
1994-08-30	0.316	-0.477	1.314
1994-08-31	-0.124	-5.155	-1.884
1994-09-01	-0.491	-1.267	-2.307
1994-09-02	-0.462	0.509	-0.024
1994-09-06	0.185	0.758	1.569
1994-09-07	-0.185	4.193	1.709
1994-09-08	0.455	0.482	0.75
1994-09-09	-1.054	-2.187	-1.696
1994-09-12	-0.422	-1.986	-1.919
1994-09-13	0.281	2.72	1.156
1994-09-14	0.273	2.885	0.192
1994-09-15	1.274	2.342	2.456
1994-09-16	-0.765	-1.869	-0.187
1994-09-19	-0.072	-1.425	0.559
1994-09-20	-1.603	-1.689	-1.876
1994-09-21	-0.411	-3.465	-0.952
1994-09-22	-0.041	0.252	-1.347
1994-09-23	-0.348	-1.519	-1.957
1994-09-26	0.25	-0.511	-0.993
1994-09-27	0.267	0	-0.2
1994-09-28	0.596	-1.031	-1.613
1994-09-29	-0.557	6.032	0.203
1994-09-30	0.104	6.606	-0.203
1994-10-03	-0.21	0.456	-2.054
1994-10-04	-1.561	-3.468	-3.805
1994-10-05	-0.236	-1.183	1.285
1994-10-06	-0.256	3.048	0.318
1994-10-07	0.604	2.058	0.844
1994-10-10	0.862	0.451	1.668
1994-10-11	1.46	1.342	0.103
1994-10-12	-0.069	-3.621	-1.248
1994-10-13	0.497	1.373	-1.475
1994-10-14	0.28	0.454	-0.639
1994-10-17	-0.03	-2.288	-0.535
1994-10-18	-0.278	-0.464	0.107
1994-10-19	0.559	1.843	2.96
1994-10-20	-0.732	0.456	1.139
1994-10-21	-0.421	-0.913	-0.309
1994-10-24	-0.877	1.367	-1.667
1994-10-25	0.15	0.451	-0.949
1994-10-26	0.236	4.406	1.887
1994-10-27	0.698	3.39	0.83
1994-10-28	1.686	0	2.852
1994-10-31	-0.3	0.416	-0.201
1994-11-01	-0.835	1.646	-1.214
1994-11-02	-0.409	3.213	1.816
1994-11-03	0.3	1.957	-1.005
1994-11-04	-1.21	-2.353	-2.454
1994-11-07	0.169	-2.817	-0.415
1994-11-08	0.558	0.813	1.137
1994-11-09	-0.049	1.606	0.716
1994-11-10	-0.23	-2.419	-0.204
1994-11-11	-0.432	7.469	-0.821
1994-11-14	0.795	2.248	2.645
1994-11-15	-0.217	-1.681	-1.11
1994-11-16	0.127	2.051	-0.714
1994-11-17	-0.441	-1.113	1.623
1994-11-18	-0.454	2.031	2.876
1994-11-21	-0.691	-3.725	3.364
1994-11-22	-1.808	-7.28	-2.101
1994-11-23	-0.033	3.213	0.577
1994-11-25	0.523	2.344	-1.938
1994-11-28	0.413	1.342	2.13
1994-11-29	0.222	0.569	0.382
1994-11-30	-0.326	-2.299	-3.693
1994-12-01	-1.057	0	-0.795
1994-12-02	0.971	1.538	0.398
1994-12-05	0.007	0.76	1.968
1994-12-06	-0.049	0.755	0.583
1994-12-07	-0.416	-3.442	0.387
1994-12-08	-1.289	-3.969	-3.138
1994-12-09	0.341	3.579	0
1994-12-12	0.558	1.934	-3.858
1994-12-13	0.151	-1.156	0.207
1994-12-14	1.065	-1.562	-0.207
1994-12-15	0.083	5.179	-2.942
1994-12-16	0.755	-0.563	1.482
1994-12-19	-0.194	-0.566	-2.877
1994-12-20	-0.177	-0.569	5.776
1994-12-21	0.548	3.365	2.22
1994-12-22	0.015	2.541	0.795
1994-12-23	0.033	1.069	-0.297
1994-12-27	0.572	1.757	0.668
1994-12-28	-0.349	-2.469	-1.365
1994-12-29	0.067	0.356	2.956
1994-12-30	-0.413	0	-0.78
1995-01-03	-0.035	-2.888	-0.196
1995-01-04	0.348	0.73	-0.196
1995-01-05	-0.08	-0.73	0.783
1995-01-06	0.074	0	1.356
1995-01-09	0.033	2.174	1.526
1995-01-10	0.184	1.424	0.943
1995-01-11	-0.002	0.705	-0.565
1995-01-12	-0.007	0	1.312
1995-01-13	0.934	0.7	1.479
1995-01-16	0.729	2.069	-0.368
1995-01-17	0.143	-0.342	-1.297
1995-01-18	-0.072	-0.343	3.484
1995-01-19	-0.589	-1.733	1.874
1995-01-20	-0.466	-2.12	-2.689
1995-01-23	0.224	-0.179	2.246
1995-01-24	0.009	2.648	1.586
1995-01-25	0.339	-2.648	-0.878
1995-01-26	0.188	-3.088	-0.534
1995-01-27	0.441	0	0.796
1995-01-30	-0.401	-3.952	-1.418
1995-01-31	0.407	2.464	-0.897
1995-02-01	-0.004	2.588	1.786
1995-02-02	0.507	3.585	2.188
1995-02-03	1.232	0.351	1.802
1995-02-06	0.519	2.768	0.17
1995-02-07	-0.069	0.681	-0.853
1995-02-08	0.079	-1.022	4.847
1995-02-09	-0.208	-0.343	1.136
1995-02-10	0.264	-3.675	-0.161
1995-02-13	0.039	-2.344	-0.324
1995-02-14	0.187	0.727	1.767
1995-02-15	0.412	0	1.579
1995-02-16	0.14	-0.728	0.157
1995-02-17	-0.672	-1.471	-1.339
1995-02-21	0.155	-1.869	0.238
1995-02-22	0.486	2.423	0.788
1995-02-23	0.379	1.281	-1.982
1995-02-24	0.277	-2.206	0.558
1995-02-27	-0.885	-1.687	-0.239
1995-02-28	0.706	2.058	1.819
1995-03-01	-0.358	-2.436	-1.262
1995-03-02	-0.107	2.806	0.298
1995-03-03	0.06	1.465	3.595
1995-03-06	0.043	-0.365	0.457
1995-03-07	-0.725	0.364	-2.306
1995-03-08	0.211	2.159	-0.781
1995-03-09	0.004	-1.433	0.547
1995-03-10	1.318	0.36	0.389
1995-03-13	0.098	-1.998	1.081
1995-03-14	0.578	0.731	1.222
1995-03-15	-0.205	1.984	-0.609
1995-03-16	0.715	0.711	-0.535
1995-03-17	0.022	-0.891	-0.674
1995-03-20	0.125	-0.538	3.025
1995-03-21	-0.216	-0.361	-0.15
1995-03-22	0.121	-1.455	1.342
1995-03-23	0.056	1.815	1.178
1995-03-24	1.007	4.57	0.874
1995-03-27	0.444	4.37	1.584
1995-03-28	0.139	2.918	1.137
1995-03-29	-0.155	-4.911	-1.637
1995-03-30	-0.179	-1.351	-1.957
1995-03-31	-0.301	3.673	-0.588
1995-04-03	0.227	3.859	4.182
1995-04-04	0.673	-2.233	-2.213
1995-04-05	0.065	0.963	0.072
1995-04-06	0.101	-0.32	-1.308
1995-04-07	0.067	0.639	1.883
1995-04-10	0.116	-0.96	1.566
1995-04-11	-0.292	2.539	3.06
1995-04-12	0.324	0.469	0.547
1995-04-13	0.405	-0.156	3.481
1995-04-17	-0.611	1.242	-1.059
1995-04-18	-0.15	-2.817	0.331
1995-04-19	-0.089	-1.923	-1.066
1995-04-20	0.073	1.127	-0.336
1995-04-21	0.631	-0.16	-0.134
1995-04-24	0.862	-0.643	3.829
1995-04-25	-0.154	3.175	1.859
1995-04-26	0.109	1.858	1.389
1995-04-27	0.173	-3.115	0.999
1995-04-28	0.226	0.945	1.724
1995-05-01	-0.087	-1.262	1.575
1995-05-02	0.117	4.044	0
1995-05-03	1.086	5.919	3.193
1995-05-04	0.011	-2.031	2.301
1995-05-05	-0.081	-2.374	-1.145
1995-05-08	0.736	3.25	2.725
1995-05-09	-0.076	0.291	-0.337
1995-05-10	0.153	-0.29	-2.273
1995-05-11	0.002	1.729	0.459
1995-05-12	0.225	2.817	-0.516
1995-05-15	0.416	0.554	-0.288
1995-05-16	0.085	0.413	0.46
1995-05-17	-0.212	-0.138	1.707
1995-05-18	-1.431	-3.077	0
1995-05-19	-0.075	1.27	0.562
1995-05-22	0.855	-1.27	2.33
1995-05-23	0.939	7.917	2.169
1995-05-24	0.004	-1.588	-0.215
1995-05-25	-0.004	-0.267	1.069
1995-05-26	-0.939	-1.89	-1.393
1995-05-30	-0.013	-4.743	-4.75
1995-05-31	1.858	0	1.572
1995-06-01	0.017	2.678	2.203
1995-06-02	-0.184	0.416	1.513
1995-06-05	0.579	1.102	-0.646
1995-06-06	-0.009	-1.937	-2.959
1995-06-07	-0.453	-0.561	0.665
1995-06-08	-0.146	1.947	0.606
1995-06-09	-0.832	0.823	-0.938
1995-06-12	0.555	1.357	-1.059
1995-06-13	0.969	3.705	-0.505
1995-06-14	0.078	-0.391	1.342
1995-06-15	0.121	1.038	2.306
1995-06-16	0.503	0.899	0.865
1995-06-19	0.994	1.523	6.157
1995-06-20	-0.044	1.003	5.129
1995-06-21	-0.184	-2.27	-2.089
1995-06-22	1.295	3.262	2.664
1995-06-23	-0.247	2.439	0.381
1995-06-26	-1.02	-1.824	-0.957
1995-06-27	-0.313	-1.359	-3.722
1995-06-28	0.423	-1.756	0.795
1995-06-29	-0.158	3.483	1.083
1995-06-30	0.162	-1.106	-0.787
1995-07-03	0.429	-0.372	0
1995-07-05	0.031	3.355	0.689
1995-07-06	1.222	2.196	2.613
1995-07-07	0.429	3.687	4.208
1995-07-10	0.147	-0.681	2.91
1995-07-11	-0.433	-1.839	-1.999
1995-07-12	1.095	2.18	4.784
1995-07-13	0.02	3.458	1.885
1995-07-14	-0.198	1.523	2.515
1995-07-17	0.504	-0.433	1.234
1995-07-18	-0.76	-3.533	-4.259
1995-07-19	-1.348	-7.221	-11.566
1995-07-20	0.464	-0.849	-1.156
1995-07-21	0.014	3.706	-2.452
1995-07-24	0.542	3.687	6.627
1995-07-25	0.8	2.459	2.569
1995-07-26	0.091	1.968	-1.276
1995-07-27	0.641	1.504	0.913
1995-07-28	-0.406	-4.469	-2.332
1995-07-31	-0.155	-0.559	-3.217
1995-08-01	-0.432	-1.81	-2.729
1995-08-02	-0.15	-2.778	-2.806
1995-08-03	-0.009	-1.896	1.011
1995-08-04	0.034	3.757	-0.201
1995-08-07	0.195	2.503	2.39
1995-08-08	0.064	0	1.95
1995-08-09	-0.121	2.551	2.102
1995-08-10	-0.405	2.06	-2.877
1995-08-11	-0.421	0.428	2.876
1995-08-14	0.831	0.639	0.377
1995-08-15	-0.209	-0.212	-1.327
1995-08-16	0.25	5.586	1.89
1995-08-17	-0.166	-2.033	-1.699
1995-08-18	0.03	8.249	-1.15
1995-08-21	-0.197	-4.421	-7.396
1995-08-22	0.252	4.256	3.266
1995-08-23	-0.426	0.378	0.201
1995-08-24	0.057	0.376	-2.178
1995-08-25	0.472	-3.636	-1.081
1995-08-28	-0.188	-2.367	-2.942
1995-08-29	0.17	0.398	0.425
1995-08-30	0.164	2.163	2.516
1995-08-31	0.171	2.117	1.642
1995-09-01	0.348	-0.382	-0.818
1995-09-05	0.941	4.121	4.516
1995-09-06	0.176	1.998	-1.883
1995-09-07	0.021	1.073	3.922
1995-09-08	0.418	0.178	0.957
1995-09-11	0.215	1.935	0
1995-09-12	0.452	-0.524	-1.15
1995-09-13	0.391	0.175	0
1995-09-14	0.833	0.87	-1.847
1995-09-15	-0.045	-4.068	-2.484
1995-09-18	-0.099	-1.272	1.2
1995-09-19	0.245	5.339	-0.298
1995-09-20	0.439	0	0
1995-09-21	-0.645	-2.102	-2.499
1995-09-22	-0.218	0.706	-1.054
1995-09-25	0.014	-1.505	-0.829
1995-09-26	-0.069	-0.626	-0.522
1995-09-27	-0.064	-2.362	-0.63
1995-09-28	0.828	4.141	4.229
1995-09-29	-0.25	-2.682	-2.661
1995-10-02	-0.461	-4.445	-1.885
1995-10-03	0.107	2.985	1.156
1995-10-04	-0.15	-1.949	-1.899
1995-10-05	0.199	4.49	3.659
1995-10-06	-0.024	-3.929	1.831
1995-10-09	-0.71	-3.993	-3.071
1995-10-10	-0.147	0.869	2.464
1995-10-11	0.335	4.879	2.008
1995-10-12	0.626	4.038	1.382
1995-10-13	0.24	-0.795	-1.581
1995-10-16	-0.252	-1.789	0.596
1995-10-17	0.641	5.615	3.693
1995-10-18	0.112	3.356	3.377
1995-10-19	0.545	1.961	0.368
1995-10-20	-0.542	-1.139	-1.295
1995-10-23	-0.409	-1.318	0.557
1995-10-24	0.256	0	0.554
1995-10-25	-0.7	-1.336	-2.047
1995-10-26	-0.992	0.419	-0.094
1995-10-27	0.515	2.234	2.141
1995-10-30	0.611	4.324	2.782
1995-10-31	-0.3	-2.862	0.179
1995-11-01	0.467	3.487	1.333
1995-11-02	0.937	1.238	2.871
1995-11-03	0.144	3.625	-0.516
1995-11-06	-0.358	-0.67	-2.356
1995-11-07	-0.364	-0.374	-6.472
1995-11-08	0.915	0.747	-0.661
1995-11-09	0.262	3.077	4.54
1995-11-10	-0.091	1.433	-1.093
1995-11-13	-0.071	-2.886	-1.662
1995-11-14	-0.509	-5.26	-3.025
1995-11-15	0.789	-1.399	-0.578
1995-11-16	0.567	2.014	-2.939
1995-11-17	0.456	-1.857	-0.199
1995-11-20	-0.538	-0.942	-1.001
1995-11-21	0.566	-0.474	1.398
1995-11-22	-0.307	-4.043	-1.802
1995-11-24	0.262	3.884	1.802
1995-11-27	0.225	-0.957	-4.879
1995-11-28	0.849	7.411	6.062
1995-11-29	0.196	1.477	-1.183
1995-11-30	-0.374	-1.329	-3.431
1995-12-01	0.266	-2.558	0.205
1995-12-04	1.098	3.886	1.222
1995-12-05	0.65	-3.735	-0.609
1995-12-06	0.404	-2.856	-0.51
1995-12-07	-0.649	-0.55	0.713
1995-12-08	0.212	0.628	2.806
1995-12-11	0.33	0	0.394
1995-12-12	-0.119	-3.018	-1.989
1995-12-13	0.469	-0.485	0.6
1995-12-14	-0.77	-5.669	-4.282
1995-12-15	-0.094	1.532	-2.96
1995-12-18	-1.558	-4.315	-1.732
1995-12-19	0.84	9.899	5.315
1995-12-20	-0.984	-5.584	-1.25
1995-12-21	0.748	1.841	-0.21
1995-12-22	0.239	1.644	-0.844
1995-12-26	0.383	0.974	0.634
1995-12-27	0.037	-0.811	-0.846
1995-12-28	-0.067	-1.808	-3.017
1995-12-29	0.294	-1	-0.658
1996-01-02	0.776	2.318	3.251
1996-01-03	0.095	-4.007	-1.504
1996-01-04	-0.584	-3.82	-0.434
1996-01-05	-0.159	1.231	0
1996-01-08	0.282	-0.967	0.217
1996-01-09	-1.468	-7.99	-4.662
1996-01-10	-1.816	2.081	-1.604
1996-01-11	0.701	5.643	4.956
1996-01-12	-0.146	0	-0.441
1996-01-15	-0.331	-4.897	-5.911
1996-01-16	1.427	1.842	4.354
1996-01-17	-0.341	1.809	-10.636
1996-01-18	0.308	1.6	1.731
1996-01-19	0.588	6.652	0.732
1996-01-22	0.256	2.687	1.21
1996-01-23	-0.099	0.08	1.313
1996-01-24	1.163	3.625	3.84
1996-01-25	-0.474	-1.875	-0.228
1996-01-26	0.741	2.338	0.684
1996-01-29	0.417	0	-1.028
1996-01-30	0.946	1.377	-0.502
1996-01-31	0.927	1.209	2.029
1996-02-01	0.383	2.959	1.822
1996-02-02	-0.41	-1.469	0.885
1996-02-05	0.874	3.774	3.037
1996-02-06	0.761	1.974	1.695
1996-02-07	0.555	-0.912	-2.123
1996-02-08	0.94	0.211	-0.646
1996-02-09	0.046	2.637	0.216
1996-02-12	0.771	-1.379	0.403
1996-02-13	-0.142	0.278	-1.923
1996-02-14	-0.749	-1.958	1.52
1996-02-15	-0.652	0.493	-0.866
1996-02-16	-0.514	0.07	0.109
1996-02-20	-1.138	2.497	0.542
1996-02-21	1.156	3.368	2.137
1996-02-22	1.647	4.658	3.122
1996-02-23	0.033	0.378	-0.307
1996-02-26	-1.317	0.753	-0.722
1996-02-27	-0.496	-2.532	-0.207
1996-02-28	-0.385	-2.072	0.827
1996-02-29	-0.672	-0.525	-3.241
1996-03-01	0.613	-4.302	-4.789
1996-03-04	0.994	-3.069	-2.141
1996-03-05	0.762	6.313	0.907
1996-03-06	-0.58	-2.151	-3.913
1996-03-07	0.253	-1.093	-0.235
1996-03-08	-3.131	-3.353	0.704
1996-03-11	1.024	4.173	3.219
1996-03-12	-0.459	-1.096	-0.681
1996-03-13	0.229	1.639	2.252
1996-03-14	0.363	-0.408	0
1996-03-15	0.087	3.344	4.784
1996-03-18	1.734	2.34	1.056
1996-03-19	-0.147	-0.257	-1.269
1996-03-20	-0.263	-5.293	-5.691
1996-03-21	-0.122	-2.755	0.674
1996-03-22	0.22	0	0.446
1996-03-25	-0.089	-3.409	-2.224
1996-03-26	0.45	-0.726	2.224
1996-03-27	-0.624	4.553	0.887
1996-03-28	0.005	2.609	-0.443
1996-03-29	-0.532	0.541	0.883
1996-04-01	1.267	1.869	0.439
1996-04-02	0.234	1.314	-0.439
1996-04-03	0.095	2.067	1.31
1996-04-04	-0.003	-0.77	2.781
1996-04-08	-1.788	-4.48	2.294
1996-04-09	-0.319	-1.357	2.041
1996-04-10	-1.362	1.087	-0.202
1996-04-11	-0.367	2.93	-2.149
1996-04-12	0.872	-4.017	-1.353
1996-04-15	0.904	-3.192	1.56
1996-04-16	0.39	4.009	6.879
1996-04-17	-0.527	-0.543	-1.066
1996-04-18	0.311	0.544	2.405
1996-04-19	0.227	3.462	-0.763
1996-04-22	0.436	-1.849	3.759
1996-04-23	0.568	3.665	0.529
1996-04-24	-0.217	5.623	3.095
1996-04-25	0.414	-0.366	-0.894
1996-04-26	0.09	2.171	-0.54
1996-04-29	0.107	-0.719	-1.579
1996-04-30	0.001	-0.24	-0.552
1996-05-01	0.063	0.72	0.185
1996-05-02	-1.726	-3.903	0.184
1996-05-03	-0.272	0.743	1.006
1996-05-06	-0.128	1.47	0.091
1996-05-07	-0.399	1.689	-1.281
1996-05-08	1.015	0.952	1.281
1996-05-09	0.104	0	-0.182
1996-05-10	1.025	4.177	0.726
1996-05-13	1.434	-0.227	3.727
1996-05-14	0.616	2.252	1.556
1996-05-15	-0.027	-1.345	-0.688
1996-05-16	-0.086	0.899	-0.693
1996-05-17	0.609	0.224	-1.048
1996-05-20	0.632	0.445	-0.176
1996-05-21	-0.058	-2.02	-1.062
1996-05-22	0.838	1.128	-0.535
1996-05-23	-0.357	2.655	1.421
1996-05-24	0.371	-0.438	0.176
1996-05-28	-0.93	-1.994	2.091
1996-05-29	-0.642	-2.262	-1.564
1996-05-30	0.563	-0.459	0.175
1996-05-31	-0.385	0.688	5.443
1996-06-03	-0.215	1.81	1.479
1996-06-04	0.728	0	-0.409
1996-06-05	0.871	2.436	0.734
1996-06-06	-0.801	-2.661	-2.137
1996-06-07	0.042	0.448	0
1996-06-10	-0.171	0.224	-1.506
1996-06-11	-0.177	1.66	1.507
1996-06-12	-0.288	-0.11	1.973
1996-06-13	-0.168	-1.774	-2.306
1996-06-14	-0.31	-1.125	-2.703
1996-06-17	-0.104	-1.597	-1.379
1996-06-18	-0.467	-2.798	-2.283
1996-06-19	-0.015	0.942	1.411
1996-06-20	0.021	-1.892	-0.351
1996-06-21	0.713	4.663	0.35
1996-06-24	0.301	-1.608	3.082
1996-06-25	-0.055	0.692	-1.003
1996-06-26	-0.614	-1.856	-0.516
1996-06-27	0.624	2.771	1.879
1996-06-28	0.311	3.139	-0.594
1996-07-01	0.78	3.044	2.272
1996-07-02	-0.336	0.64	-0.5
1996-07-03	-0.18	-2.368	0.167
1996-07-05	-2.25	-2.426	-3.742
1996-07-08	-0.748	1.551	1.206
1996-07-09	0.338	1.093	0.513
1996-07-10	0.2	0.65	-0.683
1996-07-11	-1.596	-5.551	-4.742
1996-07-12	0.08	1.136	2.487
1996-07-15	-2.569	-6.53	-3.027
1996-07-16	-0.227	-0.241	1.258
1996-07-17	0.903	3.326	2.294
1996-07-18	1.486	0.699	1.215
1996-07-19	-0.753	-4.024	0.344
1996-07-22	-0.78	-2.198	-0.689
1996-07-23	-1.095	-7.165	-3.88
1996-07-24	-0.035	4.156	-0.722
1996-07-25	0.719	0.634	4.429
1996-07-26	0.747	3.844	2.903
1996-07-29	-0.788	-2.712	-1.869
1996-07-30	0.687	2.225	2.105
1996-07-31	0.736	1.215	1.003
1996-08-01	1.561	3.792	2.465
1996-08-02	1.9	3.877	2.248
1996-08-05	-0.342	-0.561	-0.797
1996-08-06	0.325	2.992	2.215
1996-08-07	0.268	0.218	3.063
1996-08-08	-0.237	2.156	-1.973
1996-08-09	-0.074	-0.427	1.992
1996-08-12	0.553	0.214	-0.303
1996-08-13	-0.84	-2.817	-2.309
1996-08-14	0.28	-0.441	1.852
1996-08-15	0.035	1.968	0
1996-08-16	0.441	-3.077	-0.921
1996-08-19	0.206	0	-0.309
1996-08-20	-0.134	-1.802	-1.56
1996-08-21	-0.093	2.248	0.939
1996-08-22	0.84	2.415	3.37
1996-08-23	-0.546	-1.311	-1.671
1996-08-26	-0.473	-3.125	-0.46
1996-08-27	0.379	0	0.308
1996-08-28	-0.239	-1.14	-0.307
1996-08-29	-1.121	-0.921	0.154
1996-08-30	-0.826	-2.342	-1.939
1996-09-03	0.418	1.878	2.246
1996-09-04	0.136	1.156	0.763
1996-09-05	-0.946	-4.707	-1.996
1996-09-06	0.956	2.851	0.772
1996-09-09	1.225	1.857	2.731
1996-09-10	0.007	0	0.968
1996-09-11	0.521	0	0.812
1996-09-12	0.575	3.279	0.44
1996-09-13	1.392	4.885	3.17
1996-09-16	0.504	1.263	0.565
1996-09-17	-0.152	-0.209	6.154
1996-09-18	-0.215	0.418	1.448
1996-09-19	0.224	0.209	1.428
1996-09-20	0.587	1.242	0.386
1996-09-23	-0.079	-0.103	-1.683
1996-09-24	-0.127	-0.309	0.78
1996-09-25	0.032	4.346	0.774
1996-09-26	0.004	0.297	0.129
1996-09-27	0.048	-0.594	-0.514
1996-09-30	0.166	-1.499	-1.495
1996-10-01	0.254	0.101	0.326
1996-10-02	0.713	2.778	3.338
1996-10-03	-0.177	1.167	0.504
1996-10-04	1.245	3.609	2.174
1996-10-07	0.273	-1.504	2.968
1996-10-08	-0.39	-2.688	-3.028
1996-10-09	-0.558	0.195	-0.741
1996-10-10	-0.306	0.966	-0.996
1996-10-11	0.867	1.147	5.361
1996-10-14	0.41	-0.763	2.113
1996-10-15	-0.138	0.953	3.2
1996-10-16	0.262	-0.762	1.341
1996-10-17	0.366	-1.931	-1.679
1996-10-18	0.54	-1.177	-0.679
1996-10-21	-0.137	-4.334	-2.066
1996-10-22	-0.463	0.923	-2.11
1996-10-23	0.099	2.618	3.607
1996-10-24	-0.707	-4.681	-1.729
1996-10-25	-0.195	-1.258	-1.997
1996-10-28	-0.524	-2.348	0.591
1996-10-29	0.606	-0.433	-1.545
1996-10-30	-0.086	0.864	2.296
1996-10-31	0.622	6.252	2.885
1996-11-01	-0.213	-2.661	-1.029
1996-11-04	0.42	0.62	1.483
1996-11-05	1.043	1.839	3.231
1996-11-06	1.453	-0.813	4.187
1996-11-07	0.421	5.17	2.697
1996-11-08	0.435	0.387	0.102
1996-11-11	0.144	2.667	1.32
1996-11-12	-0.316	-2.282	-2.348
1996-11-13	0.215	1.716	-1.248
1996-11-14	0.648	-1.332	0.314
1996-11-15	0.236	-0.769	-3.394
1996-11-18	-0.081	-2.147	-0.432
1996-11-19	0.695	2.532	4.554
1996-11-20	0.241	2.282	0.104
1996-11-21	-0.161	-0.755	-1.669
1996-11-22	0.802	2.432	3.003
1996-11-25	1.102	-0.371	-0.819
1996-11-26	-0.141	-0.186	1.835
1996-11-27	-0.127	1.109	2.296
1996-11-29	0.267	-0.184	0.197
1996-12-02	-0.061	1.099	0.197
1996-12-03	-1.1	-4.661	-0.988
1996-12-04	-0.426	-3.495	2.839
1996-12-05	-0.097	1.763	-0.97
1996-12-06	-0.644	0.966	-2.018
1996-12-09	1.364	4.144	3.47
1996-12-10	-0.297	-0.556	-0.771
1996-12-11	-0.915	0.924	5.829
1996-12-12	-1.555	-3.365	0
1996-12-13	-0.091	-1.533	-3.343
1996-12-16	-1.057	-2.147	-3.949
1996-12-17	0.699	-0.991	2.138
1996-12-18	0.755	1.972	4.328
1996-12-19	1.925	1.551	1.281
1996-12-20	0.416	0	-2.113
1996-12-23	-0.261	-0.967	-1.78
1996-12-24	0.549	0.966	2.427
1996-12-26	0.636	2.469	0.827
1996-12-27	0.128	-1.512	-0.919
1996-12-30	-0.389	-1.15	-1.582
1996-12-31	-1.754	-1.946	-1.75
1997-01-02	-0.505	-1.186	-0.431
1997-01-03	1.484	4.281	5.955
1997-01-06	-0.051	2.817	0.36
1997-01-07	0.744	1.105	3.189
1997-01-08	-0.642	-2.974	-0.788
1997-01-09	0.857	1.126	0.526
1997-01-10	0.614	2.396	1.044
1997-01-13	0.001	0.726	1.631
1997-01-14	1.224	4.248	0.17
1997-01-15	-0.216	-2.456	-3.545
1997-01-16	0.332	0	0.264
1997-01-17	0.831	3.147	1.178
1997-01-20	0.068	2.884	0.821
1997-01-21	0.772	0.167	1.917
1997-01-22	0.447	-1.599	2.707
1997-01-23	-1.109	-2.664	-0.247
1997-01-24	-0.91	-4.453	-0.827
1997-01-27	-0.716	-0.365	-0.249
1997-01-28	0	0.728	0.581
1997-01-29	0.973	-4.264	2.486
1997-01-30	1.499	2.248	3.414
1997-01-31	0.253	3.279	1.318
1997-02-03	0.072	-2.174	0.997
1997-02-04	0.321	-1.662	0.533
1997-02-05	-1.401	-6.74	-4.659
1997-02-06	0.24	1.777	-2.658
1997-02-07	1.199	-1.181	2.1
1997-02-10	-0.524	-8.468	-3.003
1997-02-11	0.528	4.323	0
1997-02-12	1.655	6.493	3.242
1997-02-13	1.121	-3.243	0.159
1997-02-14	-0.412	0.1	-1.605
1997-02-18	0.961	1.78	0.081
1997-02-19	-0.467	1.75	-0.486
1997-02-20	-1.2	-2.933	-2.634
1997-02-21	-0.128	-7.624	-2.363
1997-02-24	1.056	1.065	1.777
1997-02-25	0.216	-4.329	-0.084
1997-02-26	-0.785	2.835	-1.779
1997-02-27	-1.326	-5.413	-4.557
1997-02-28	-0.536	1.017	1.52
1997-03-03	0.566	-2.503	2.78
1997-03-04	-0.55	2.727	0.342
1997-03-05	1.386	1.998	2.113
1997-03-06	-0.429	-4.036	-2.798
1997-03-07	0.799	-6.134	-1.298
1997-03-10	1.073	3.819	0.867
1997-03-11	-0.284	-1.178	-0.606
1997-03-12	-0.876	-3.62	-0.785
1997-03-13	-1.845	2.187	-1.057
1997-03-14	0.456	-2.803	-2.418
1997-03-17	0.32	-2.884	-1.094
1997-03-18	-0.763	2.513	0.275
1997-03-19	-0.494	-0.747	-2.499
1997-03-20	-0.398	2.225	-0.094
1997-03-21	0.185	-3.736	-2.086
1997-03-24	0.862	-4.411	0.096
1997-03-25	-0.23	1.579	1.99
1997-03-26	0.181	8.983	5.387
1997-03-27	-2.125	-2.66	-1.073
1997-03-31	-2.189	-5.802	0
1997-04-01	0.332	0.518	0.135
1997-04-02	-1.262	-1.826	-1.674
1997-04-03	0.028	1.825	2.612
1997-04-04	1.005	5.039	3.064
1997-04-07	0.557	6.768	0.086
1997-04-08	0.522	1.707	1.018
1997-04-09	-0.723	-2.399	-3.018
1997-04-10	-0.298	-2.695	-3.578
1997-04-11	-2.766	-2.648	-5.043
1997-04-14	0.821	3.828	2.46
1997-04-15	1.467	-6.048	-2.077
1997-04-16	1.161	-5.379	2.264
1997-04-17	-0.231	4.125	2.941
1997-04-18	0.598	-2.299	-0.636
1997-04-21	-0.782	-2.22	0.908
1997-04-22	1.855	0.395	1.968
1997-04-23	-0.125	2.34	3.568
1997-04-24	-0.319	-0.645	-0.085
1997-04-25	-0.756	-4.093	-1.552
1997-04-28	0.987	0.27	1.723
1997-04-29	2.692	7.257	2.48
1997-04-30	0.914	3.44	2.062
1997-05-01	-0.351	3.092	0.407
1997-05-02	1.792	7.009	2.489
1997-05-05	2.108	2.798	3.046
1997-05-06	-0.305	-1.929	-2.808
1997-05-07	-1.477	1.717	-1.354
1997-05-08	0.567	4.371	1.827
1997-05-09	0.549	0.406	0.471
1997-05-12	1.55	2.108	-0.235
1997-05-13	-0.542	-0.898	-4.335
1997-05-14	0.349	-0.603	0.327
1997-05-15	0.696	1.203	3.376
1997-05-16	-1.451	-2.012	-1.915
1997-05-19	0.423	-0.919	-0.242
1997-05-20	1.002	5.488	3.96
1997-05-21	-0.275	2.114	0.928
1997-05-22	-0.441	-0.381	-0.694
1997-05-23	1.351	2.823	1.117
1997-05-27	0.316	2.02	3.684
1997-05-28	-0.295	0.454	-1.3
1997-05-29	-0.37	-3.405	-2.03
1997-05-30	0.496	1.487	-7.785
1997-06-02	-0.227	0.092	-1.162
1997-06-03	-0.104	-4.621	-3.223
1997-06-04	-0.637	-1.068	-1.739
1997-06-05	0.394	1.067	0.449
1997-06-06	1.714	0.29	1.978
1997-06-09	0.569	2.378	2.202
1997-06-10	0.273	-2.282	-2.76
1997-06-11	0.496	-2.04	1.58
1997-06-12	1.585	0.147	-2.641
1997-06-13	1.104	4.456	0.758
1997-06-16	0.07	1.303	1.712
1997-06-17	0.059	1.743	1.641
1997-06-18	-0.598	-2.578	-2.11
1997-06-19	0.995	2.941	-0.085
1997-06-20	0.079	0.542	0.213
1997-06-23	-2.26	0.629	-1.071
1997-06-24	1.997	1.245	1.918
1997-06-25	-0.823	-2.779	-0.891
1997-06-26	-0.599	-1.65	-2.066
1997-06-27	0.409	-1.678	-1.005
1997-06-30	-0.244	0.936	-0.308
1997-07-01	0.663	1.754	-1.958
1997-07-02	1.448	3.241	2.792
1997-07-03	1.416	1.407	1.346
1997-07-07	-0.516	3.18	1.668
1997-07-08	0.715	1.094	1.515
1997-07-09	-1.228	2.153	1.985
1997-07-10	0.685	0	-1.652
1997-07-11	0.317	-1.071	2.426
1997-07-14	0.185	1.397	2.369
1997-07-15	0.8	1.82	2.701
1997-07-16	1.163	1.708	8.829
1997-07-17	-0.533	-0.791	-0.638
1997-07-18	-1.766	-2.942	-1.578
1997-07-21	-0.258	0.449	-0.872
1997-07-22	2.278	2.89	3.512
1997-07-23	0.276	1.726	0.632
1997-07-24	0.396	-0.624	0.489
1997-07-25	-0.159	-0.235	-0.629
1997-07-28	-0.25	-2.945	-0.703
1997-07-29	0.622	2.394	-0.495
1997-07-30	1.056	0.315	1.442
1997-07-31	0.212	0.079	2.69
1997-08-01	-0.754	0.314	1.955
1997-08-04	0.333	2.246	3.283
1997-08-05	0.218	0.382	2.991
1997-08-06	0.831	-1.925	0.375
1997-08-07	-0.955	-1.963	0.994
1997-08-08	-1.873	-2.164	-3.269
1997-08-11	0.37	-2.212	-1.74
1997-08-12	-1.124	-1.587	-0.849
1997-08-13	-0.488	1.171	1.109
1997-08-14	0.298	2.465	-0.52
1997-08-15	-2.625	-2.966	-3.99
1997-08-18	1.288	1.741	2.612
1997-08-19	1.471	-0.412	3.475
1997-08-20	1.43	3.406	2.615
1997-08-21	-1.534	-1.203	-2.137
1997-08-22	-0.163	-0.892	-2.249
1997-08-25	-0.367	1.856	-2.101
1997-08-26	-0.779	-0.802	-1.606
1997-08-27	0.074	-0.566	1.472
1997-08-28	-1.104	-2.794	-1.81
1997-08-29	-0.466	0.499	-0.271
1997-09-02	3.077	2.458	3.139
1997-09-03	0.029	0.725	-1.324
1997-09-04	0.325	-0.483	0.862
1997-09-05	-0.196	1.124	-0.066
1997-09-08	0.231	-3.162	1.444
1997-09-09	0.26	0.165	1.871
1997-09-10	-1.575	-4.714	-2.329
1997-09-11	-0.703	-0.432	-0.262
1997-09-12	1.233	0.087	-1.056
1997-09-15	-0.449	-3.521	-2.348
1997-09-16	2.774	6.588	3.992
1997-09-17	-0.28	-0.337	-0.163
1997-09-18	0.454	-0.253	-0.557
1997-09-19	0.339	-1.103	0.328
1997-09-22	0.516	2.611	0.977
1997-09-23	-0.367	1.075	2.813
1997-09-24	-0.786	-1.909	-3.595
1997-09-25	-0.698	-2.289	-2.649
1997-09-26	0.776	1.024	-0.067
1997-09-29	0.855	0.677	2.455
1997-09-30	-0.638	-1.443	-3.264
1997-10-01	0.855	-0.343	1.011
1997-10-02	0.527	4.367	-0.134
1997-10-03	0.475	3.155	0.201
1997-10-06	0.791	1.345	0.201
1997-10-07	1.067	2.636	1.855
1997-10-08	-0.948	-1.077	-0.725
1997-10-09	-0.331	1.306	0.132
1997-10-10	-0.376	-0.535	-1.798
1997-10-13	0.116	0.383	-0.471
1997-10-14	0.225	-0.999	-0.813
1997-10-15	-0.471	2.667	-5.744
1997-10-16	-1.09	-1.744	-1.526
1997-10-17	-1.168	-2.088	-2.821
1997-10-20	1.205	1.781	1.272
1997-10-21	1.729	3.469	1.256
1997-10-22	-0.391	-0.446	-1.405
1997-10-23	-1.855	-2.947	-2.488
1997-10-24	-0.956	-1.546	-2.317
1997-10-27	-7.114	-9.64	-6.787
1997-10-28	4.99	9.328	12.85
1997-10-29	-0.292	0.623	-5.713
1997-10-30	-1.698	-0.701	-5.77
1997-10-31	1.203	2.585	1.637
1997-11-03	2.63	3.26	1.929
1997-11-04	0.188	-1.561	-3.318
1997-11-05	0.212	2.369	-1.743
1997-11-06	-0.503	-0.882	-1.519
1997-11-07	-1.128	-1.337	5.218
1997-11-10	-0.69	-2.116	-3.031
1997-11-11	0.287	-1.462	1.487
1997-11-12	-1.948	-5.252	-1.736
1997-11-13	1.174	0.549	3.925
1997-11-14	1.267	5.628	1.038
1997-11-17	1.905	2.053	2.12
1997-11-18	-0.846	-0.907	-2.12
1997-11-19	0.676	1.02	0.396
1997-11-20	1.512	2.779	2.266
1997-11-21	0.428	-0.44	-0.776
1997-11-24	-1.72	-2.228	-2.684
1997-11-25	0.437	1.268	-2.184
1997-11-26	0.086	0.886	0.245
1997-11-28	0.394	1.386	1.297
1997-12-01	2.007	4.741	4.871
1997-12-02	-0.318	-4.452	-4.31
1997-12-03	0.522	0.469	0.558
1997-12-04	-0.376	-0.613	-2.336
1997-12-05	1.093	3.414	1.135
1997-12-08	-0.144	0.419	1.122
1997-12-09	-0.673	-2.611	-3.652
1997-12-10	-0.616	-2.387	-1.248
1997-12-11	-1.543	-3.199	-3.925
1997-12-12	-0.162	-7.696	-1.845
1997-12-15	1.043	1.217	2.279
1997-12-16	0.482	3.331	-1.309
1997-12-17	-0.259	1.433	-2.4
1997-12-18	-1.066	-1.16	-0.541
1997-12-19	-0.896	-0.233	1.258
1997-12-22	0.728	2.198	2.033
1997-12-23	-1.541	-6.134	-1.765
1997-12-24	-0.686	0.364	0.089
1997-12-26	0.402	3.103	0.886
1997-12-29	1.789	5.153	-0.088
1997-12-30	1.817	0.668	1.228
1997-12-31	-0.042	-1.115	-2.025
1998-01-02	0.47	4.064	3.325
1998-01-05	0.212	-0.215	2.549
1998-01-06	-1.079	-1.302	-1.863
1998-01-07	-0.267	-2.995	-0.514
1998-01-08	-0.829	1.12	2.125
1998-01-09	-3.01	-3.398	-3.335
1998-01-12	1.234	2.615	5.085
1998-01-13	1.365	0.559	1.721
1998-01-14	0.609	1.77	-1.969
1998-01-15	-0.756	0.765	-0.166
1998-01-16	1.128	0.759	-0.666
1998-01-20	1.762	2.769	1.903
1998-01-21	-0.802	-0.21	0.572
1998-01-22	-0.8	-2.775	-0.244
1998-01-23	-0.569	-0.108	0.895
1998-01-26	-0.066	-1.859	0.646
1998-01-27	1.253	4.532	1.913
1998-01-28	0.867	4.335	2.146
1998-01-29	0.818	2.985	1.381
1998-01-30	-0.53	-1.084	-1.228
1998-02-02	2.119	1.378	2.514
1998-02-03	0.47	-1.477	3.838
1998-02-04	0.09	2.45	1.438
1998-02-05	-0.334	-0.29	-1.22
1998-02-06	0.885	2.398	1.203
1998-02-09	-0.17	-2.982	-2.001
1998-02-10	0.815	1.165	0.509
1998-02-11	0.098	0.193	-1.387
1998-02-12	0.404	0.576	-0.073
1998-02-13	-0.396	-0.577	-1.407
1998-02-17	0.261	0.096	1.039
1998-02-18	0.905	0.862	2.622
1998-02-19	-0.367	-0.095	4.085
1998-02-20	0.575	0.571	1.371
1998-02-23	0.379	-0.285	2.554
1998-02-24	-0.733	-1.342	-1.943
1998-02-25	1.19	3.042	1.744
1998-02-26	0.552	-0.376	-1.811
1998-02-27	0.064	-0.944	-2.885
1998-03-02	-0.156	-0.954	-2.327
1998-03-03	0.411	-1.156	-2.674
1998-03-04	-0.447	1.156	1.31
1998-03-05	-1.18	-5.412	-13.446
1998-03-06	1.975	4.062	3.335
1998-03-09	-0.321	-5.027	-3.999
1998-03-10	1.128	0.255	0.581
1998-03-11	0.396	2.017	0.496
1998-03-12	0.136	2.074	0.657
1998-03-13	-0.124	0.973	0.326
1998-03-16	0.994	-0.29	1.377
1998-03-17	0.109	0.291	-1.214
1998-03-18	0.468	-1.561	0.325
1998-03-19	0.388	1.173	0.405
1998-03-20	0.861	-1.075	-2.042
1998-03-23	-0.329	1.753	-0.912
1998-03-24	0.918	4.622	-0.836
1998-03-25	-0.338	2.548	2.406
1998-03-26	-0.102	-0.27	2.509
1998-03-27	-0.488	0.09	0.875
1998-03-30	-0.173	-2.922	-1.92
1998-03-31	0.747	1.38	0.885
1998-04-01	0.579	1.362	-0.724
1998-04-02	1.065	1.344	-1.463
1998-04-03	0.24	0.621	0.49
1998-04-06	-0.117	-2.416	-3.818
1998-04-07	-1.061	0	-1.706
1998-04-08	-0.715	-1.093	-0.086
1998-04-09	0.815	-1.849	1.624
1998-04-13	-0.088	-0.749	3.334
1998-04-14	0.545	1.77	-0.329
1998-04-15	0.319	4.337	-1.491
1998-04-16	-1.001	-0.71	-0.67
1998-04-17	1.304	0.355	1.086
1998-04-20	0.083	2.54	1.731
1998-04-21	0.239	2.224	3.136
1998-04-22	0.324	-0.339	6.29
1998-04-23	-0.926	-2.667	-0.972
1998-04-24	-1.049	0.348	-1.436
1998-04-27	-1.947	-2.107	-2.545
1998-04-28	-0.132	0.619	-0.863
1998-04-29	0.873	1.575	1.056
1998-04-30	1.555	1.721	0.854
1998-05-01	0.827	0.511	1.611
1998-05-04	0.095	1.767	-0.152
1998-05-05	-0.574	-1.767	-0.152
1998-05-06	-0.966	3.175	-0.613
1998-05-07	-0.889	-0.825	-0.462
1998-05-08	1.18	0.497	3.711
1998-05-11	-0.135	-1.329	-1.876
1998-05-12	0.823	2.151	2.469
1998-05-13	0.275	-0.492	0.296
1998-05-14	-0.133	0.082	-0.295
1998-05-15	-0.776	0.41	-5.157
1998-05-18	-0.263	1.784	-1.174
1998-05-19	0.334	3.34	0.236
1998-05-20	0.856	-2.22	-3.274
1998-05-21	-0.396	-1.119	-3.805
1998-05-22	-0.375	-1.131	0.253
1998-05-26	-1.492	-1.145	0.504
1998-05-27	-0.164	2.357	-0.503
1998-05-28	0.489	-0.403	-1.099
1998-05-29	-0.619	-2.449	-2.846
1998-06-01	0.015	-2.765	-4.932
1998-06-02	0.188	3.834	1.821
1998-06-03	-0.947	-2.4	-4.901
1998-06-04	1.111	2.97	3.355
1998-06-05	1.723	0.729	2.355
1998-06-08	0.167	0.081	-0.719
1998-06-09	0.241	2.548	1.254
1998-06-10	-0.55	-0.473	-2.342
1998-06-11	-1.604	-0.079	0
1998-06-12	0.388	0.079	-0.182
1998-06-15	-2.007	-1.112	-2.309
1998-06-16	0.978	2.134	4.299
1998-06-17	1.778	0.934	-0.809
1998-06-18	-0.066	1.766	0.63
1998-06-19	-0.518	1.211	0.447
1998-06-22	0.233	1.789	5.388
1998-06-23	1.464	2.624	1.844
1998-06-24	1.189	1.073	2.785
1998-06-25	-0.318	-0.858	-2.288
1998-06-26	0.346	3.179	0.987
1998-06-29	0.466	2.133	-0.739
1998-06-30	-0.409	0.272	-2.251
1998-07-01	1.29	2.68	1.423
1998-07-02	-0.186	-2.07	-2.611
1998-07-06	0.945	0.404	0.319
1998-07-07	-0.229	-0.269	2.208
1998-07-08	1.009	1.604	4.155
1998-07-09	-0.672	-1.403	1.819
1998-07-10	0.497	0	0
1998-07-13	0.074	1.402	3.239
1998-07-14	1.058	0.661	-2.07
1998-07-15	-0.235	0.722	4.32
1998-07-16	0.781	0.196	0
1998-07-17	0.23	4.093	-1.344
1998-07-20	-0.224	3.388	-1.668
1998-07-21	-1.62	-4.206	-0.153
1998-07-22	-0.085	-0.443	0.915
1998-07-23	-2.112	0.633	0.228
1998-07-24	0.092	-1.397	0.604
1998-07-27	0.565	-0.256	3.548
1998-07-28	-1.496	-1.55	-0.509
1998-07-29	-0.446	-2.105	-1.175
1998-07-30	1.556	4.676	3.484
1998-07-31	-1.961	-2.832	-3.706
1998-08-03	-0.737	0.78	0.443
1998-08-04	-3.692	-3.56	-3.449
1998-08-05	0.865	3.819	2.67
1998-08-06	0.755	2.677	3.361
1998-08-07	-0.017	-2.548	-0.36
1998-08-10	-0.581	2.359	-0.072
1998-08-11	-1.316	-1.204	-2.41
1998-08-12	1.416	0.572	1.248
1998-08-13	-0.862	-1.92	-0.439
1998-08-14	-1.138	-0.259	1.094
1998-08-17	1.949	1.735	3.841
1998-08-18	1.605	2.08	2.072
1998-08-19	-0.286	1.055	-2.072
1998-08-20	-0.59	1.349	-4.059
1998-08-21	-0.959	0.122	-1.243
1998-08-24	0.642	0.243	-0.369
1998-08-25	0.433	0.906	-0.24
1998-08-26	-0.796	-0.301	-1.698
1998-08-27	-3.913	-4.44	-3.995
1998-08-28	-1.493	-4.58	-3.509
1998-08-31	-7.018	-14.538	-7.849
1998-09-01	3.762	9.462	6.541
1998-09-02	-0.379	1.79	-1.491
1998-09-03	-0.833	-1.097	2.473
1998-09-04	-0.856	-1.529	1.935
1998-09-08	4.965	5.848	4.567
1998-09-09	-1.701	-4.112	-0.804
1998-09-10	-2.619	-2.65	-2.729
1998-09-11	2.903	4.761	7.168
1998-09-14	2.027	1.006	1.025
1998-09-15	0.77	3.087	0.146
1998-09-16	0.749	0.322	-1.023
1998-09-17	-2.578	-4.957	-2.455
1998-09-18	0.12	-0.714	0
1998-09-21	0.372	1.926	1.939
1998-09-22	0.559	0.999	-1.264
1998-09-23	3.48	5.229	4.103
1998-09-24	-2.216	-2.001	-2.03
1998-09-25	0.195	2.284	3.456
1998-09-28	0.376	-0.282	-1.497
1998-09-29	0.031	-2.484	1.709
1998-09-30	-3.095	-4.45	-3.156
1998-10-01	-3.061	-7.668	-2.734
1998-10-02	1.63	-2.655	0.523
1998-10-05	-1.41	-14.319	-4.029
1998-10-06	-0.402	-4.498	-1.171
1998-10-07	-1.423	-5.137	-0.709
1998-10-08	-1.165	6.213	-0.794
1998-10-09	2.567	6.98	6.628
1998-10-12	1.344	4.515	1.92
1998-10-13	-0.292	-3.275	-2.219
1998-10-14	1.073	2.797	-1.204
1998-10-15	4.089	8.831	2.393
1998-10-16	0.848	-2.782	-0.966
1998-10-19	0.564	1.568	1.482
1998-10-20	0.145	-3.851	-0.516
1998-10-21	0.561	6.266	2.913
1998-10-22	0.797	1.4	0.358
1998-10-23	-0.727	0.427	-0.143
1998-10-26	0.154	4.477	1.916
1998-10-27	-0.653	-1.023	-1.844
1998-10-28	0.258	3.438	2.16
1998-10-29	1.657	-0.298	0.593
1998-10-30	1.166	0.498	-0.629
1998-11-02	1.17	2.644	2.901
1998-11-03	-0.068	-2.05	-1.509
1998-11-04	0.702	3.394	4.767
1998-11-05	1.333	3.374	-0.861
1998-11-06	0.645	-0.555	1.517
1998-11-09	-0.952	-0.651	0.587
1998-11-10	-0.172	0	1.615
1998-11-11	-0.648	-1.409	6.089
1998-11-12	-0.25	-1.334	-0.969
1998-11-13	0.673	-0.77	1.03
1998-11-16	0.897	3.419	2.968
1998-11-17	0.304	2.672	1.509
1998-11-18	0.452	5.827	1.259
1998-11-19	0.708	0.598	2.693
1998-11-20	0.945	1.774	-0.723
1998-11-23	2.097	2.072	1.33
1998-11-24	-0.44	0	-2.791
1998-11-25	0.327	1.141	-0.625
1998-11-27	0.456	3.741	0.228
1998-11-30	-2.433	-5.955	-2.183
1998-12-01	0.996	5.642	6.627
1998-12-02	-0.343	-1.899	-1.258
1998-12-03	-1.819	-2.671	-3.643
1998-12-04	2.286	2.671	6.035
1998-12-07	0.927	2.446	2.232
1998-12-08	-0.534	-0.469	0.942
1998-12-09	0.178	1.168	-0.732
1998-12-10	-1.573	0.541	-3.903
1998-12-11	0.124	2.808	1.569
1998-12-14	-2.189	-3.815	-4.277
1998-12-15	1.878	4.113	3.847
1998-12-16	-0.077	-1.277	-1.575
1998-12-17	1.541	2.612	2.381
1998-12-18	0.68	6.348	2.639
1998-12-21	1.239	4.592	2.215
1998-12-22	0.061	-0.928	-3
1998-12-23	2.053	2.825	4.867
1998-12-24	-0.185	-2.425	0
1998-12-28	-0.064	0	-2.327
1998-12-29	1.323	-0.733	-0.874
1998-12-30	-0.799	-0.873	-1.561
1998-12-31	-0.219	0.135	-0.525
1999-01-04	-0.092	2.658	1.88
1999-01-05	1.349	1.691	1.998
1999-01-06	2.19	2.86	4.947
1999-01-07	-0.205	3.811	-0.193
1999-01-08	0.421	2.912	0.337
1999-01-11	-0.883	-1.893	7.473
1999-01-12	-1.947	-6.474	-3.042
1999-01-13	-0.413	-2.32	2.504
1999-01-14	-1.816	0.521	-3.85
1999-01-15	2.531	5.365	1.208
1999-01-19	0.701	4.507	2.912
1999-01-20	0.368	-0.235	-0.81
1999-01-21	-1.723	-4.641	-3.496
1999-01-22	-0.81	1.47	-3.525
1999-01-25	0.715	0.606	1.349
1999-01-26	1.474	3.503	4.72
1999-01-27	-0.733	-3.503	-3.106
1999-01-28	1.77	5.123	3.288
1999-01-29	1.121	2.438	2.696
1999-02-01	-0.52	3.034	-2.197
1999-02-02	-0.869	-2.295	-2.385
1999-02-03	0.796	-1.132	3.002
1999-02-04	-1.871	-5.432	-6.373
1999-02-05	-0.731	-3.874	-1.989
1999-02-08	0.352	0.677	3.42
1999-02-09	-2.247	-6.066	-5.199
1999-02-10	0.607	2.699	2.755
1999-02-11	2.461	6.208	3.387
1999-02-12	-1.925	-5.701	-5.199
1999-02-16	0.95	0	-0.099
1999-02-17	-1.447	-4.056	-1.395
1999-02-18	1.077	1.111	2.769
1999-02-19	0.157	0.97	-0.049
1999-02-22	2.622	4.959	3.642
1999-02-23	-0.076	0.853	1.076
1999-02-24	-1.408	-2.957	-2.928
1999-02-25	-0.672	-1.448	-2.034
1999-02-26	-0.539	-0.7	-6.31
1999-03-01	-0.175	1.647	-2.426
1999-03-02	-0.866	-3.844	-6.393
1999-03-03	0.179	-0.59	4.343
1999-03-04	1.531	3.232	-1.151
1999-03-05	2.286	2.575	1.097
1999-03-08	0.568	3.652	4.27
1999-03-09	-0.226	0.714	-3.672
1999-03-10	0.545	-0.894	1.346
1999-03-11	0.839	1.072	1.064
1999-03-12	-0.238	-2.156	0.106
1999-03-15	0.974	1.681	-0.318
1999-03-16	-0.067	0.947	2.099
1999-03-17	-0.657	0.059	0.104
1999-03-18	1.433	0.763	1.083
1999-03-19	-1.32	-2.247	-2.336
1999-03-22	-0.176	-1.689	-3.31
1999-03-23	-2.725	-2.401	-0.49
1999-03-24	0.51	4.03	4.01
1999-03-25	1.673	2.833	-1.107
1999-03-26	-0.559	-2.116	-1.066
1999-03-29	2.111	4.473	4.093
1999-03-30	-0.722	-0.057	0
1999-03-31	-1.112	-0.342	-2.236
1999-04-01	0.57	0.341	1.668
1999-04-05	2.096	4.011	5.336
1999-04-06	-0.245	0.707	2.278
1999-04-07	0.681	2.992	1.286
1999-04-08	1.28	-0.952	-0.807
1999-04-09	0.325	0.424	-0.191
1999-04-12	0.76	-0.318	-6.566
1999-04-13	-0.651	-3.127	-1.232
1999-04-14	-1.597	-3.002	-5.959
1999-04-15	-0.421	-0.396	2.491
1999-04-16	-0.292	-4.283	-2.053
1999-04-19	-2.264	-5.531	-3.105
1999-04-20	1.286	1.551	1.896
1999-04-21	2.267	6.088	3.261
1999-04-22	1.685	4.749	5.108
1999-04-23	-0.145	3.633	0.406
1999-04-26	0.235	0.213	4.26
1999-04-27	0.203	-2.203	-3.454
1999-04-28	-0.876	-2.921	-1.722
1999-04-29	-0.6	-2.32	-0.615
1999-04-30	-0.571	4.368	0.615
1999-05-03	1.446	-0.385	3.117
1999-05-04	-1.685	-4.5	-2.303
1999-05-05	1.143	2.135	3.727
1999-05-06	-1.139	-3.701	-6.976
1999-05-07	0.968	1.45	2.072
1999-05-10	-0.35	0.689	-0.514
1999-05-11	1.136	2.375	2.746
1999-05-12	0.617	5.964	0.301
1999-05-13	0.261	-0.899	-3.978
1999-05-14	-2.2	-1.931	-3.494
1999-05-17	0.126	0.862	2.448
1999-05-18	-0.462	-0.215	-0.845
1999-05-19	0.815	0.322	1.265
1999-05-20	-0.403	-1.567	-3.408
1999-05-21	-0.64	-1.316	-1.199
1999-05-24	-1.793	-3.482	-1.882
1999-05-25	-1.717	-4.679	-5.631
1999-05-26	1.573	4.45	-2.272
1999-05-27	-1.806	-1.036	2.743
1999-05-28	1.582	0.922	1.75
1999-06-01	-0.584	-1.794	-6.446
1999-06-02	0.042	2.82	2.436
1999-06-03	0.365	-1.199	-2.807
1999-06-04	2.148	5.422	5.185
1999-06-07	0.509	0.434	0.469
1999-06-08	-1.296	-3.248	-3.33
1999-06-09	0.099	1.83	2.743
1999-06-10	-1.207	-2.955	4.148
1999-06-11	-0.707	0.226	-1.707
1999-06-14	0.028	-2.631	-0.115
1999-06-15	0.552	3.082	2.385
1999-06-16	2.223	4.452	6.937
1999-06-17	0.711	0.963	-2.868
1999-06-18	0.219	1.69	-5.425
1999-06-21	0.458	3.093	3.356
1999-06-22	-0.977	-3.407	-2
1999-06-23	-0.211	3.914	1.559
1999-06-24	-1.305	-2.661	-2.688
1999-06-25	-0.036	1.748	0.453
1999-06-28	1.212	1.014	3.005
1999-06-29	1.498	0.904	3.871
1999-06-30	1.561	3.053	0.421
1999-07-01	0.599	-0.097	5.517
1999-07-02	0.74	4.09	0.989
1999-07-06	-0.223	-0.561	0.589
1999-07-07	0.556	-0.658	0.78
1999-07-08	-0.103	0.283	2.114
1999-07-09	0.633	0.937	0.757
1999-07-12	-0.298	-2.167	-1.234
1999-07-13	-0.397	-0.573	-0.096
1999-07-14	0.33	0.096	3.936
1999-07-15	0.816	1.896	-0.461
1999-07-16	0.648	-0.849	-0.834
1999-07-19	-0.788	-1.623	0.65
1999-07-20	-2.194	-4.227	-3.962
1999-07-21	0.159	1.297	0.957
1999-07-22	-1.337	-3.12	-2.608
1999-07-23	-0.297	2.922	0.488
1999-07-26	-0.679	-3.024	-2.066
1999-07-27	1.113	3.025	7.19
1999-07-28	0.188	0.594	3.989
1999-07-29	-1.801	-2.499	-1.163
1999-07-30	-0.922	0.605	-0.722
1999-08-02	-0.05	-0.504	3.296
1999-08-03	-0.443	-1.118	2.253
1999-08-04	-1.283	-1.027	-0.13
1999-08-05	0.64	1.639	-1.906
1999-08-06	-1.027	1.213	0.175
1999-08-09	-0.192	-3.995	2.586
1999-08-10	-1.269	-1.792	-2.325
1999-08-11	1.587	6.885	5.754
1999-08-12	-0.29	-2.006	-0.082
1999-08-13	2.249	2.995	4.899
1999-08-16	0.232	-0.098	-1.5
1999-08-17	1.001	1.174	0.555
1999-08-18	-0.846	-1.47	-0.635
1999-08-19	-0.696	-1.692	-1.525
1999-08-20	0.979	2.968	3.339
1999-08-23	1.751	2.502	3.684
1999-08-24	0.241	0.947	0.226
1999-08-25	1.332	3.334	0.675
1999-08-26	-1.442	0.454	-3.187
1999-08-27	-1.014	-0.637	2.362
1999-08-30	-1.815	-2.588	-0.908
1999-08-31	-0.273	1.579	-0.076
1999-09-01	0.804	1.645	1.51
1999-09-02	-0.903	-1.002	2.222
1999-09-03	2.85	3.862	4.582
1999-09-07	-0.502	-0.796	-1.907
1999-09-08	-0.468	-2.064	-1.945
1999-09-09	0.261	1.441	2.087
1999-09-10	0.296	1.155	-0.428
1999-09-13	-0.559	-0.088	-3.493
1999-09-14	-0.585	1.753	1.69
1999-09-15	-1.38	-2.018	-3.332
1999-09-16	0.039	0	-0.453
1999-09-17	1.277	4.167	2.392
1999-09-20	0.008	-0.426	-0.667
1999-09-21	-2.115	-2.858	-2.485
1999-09-22	0.224	1.57	0.986
1999-09-23	-2.324	-4.06	-6.63
1999-09-24	-0.238	-0.542	-2.387
1999-09-27	0.465	-1.276	3.27
1999-09-28	-0.087	0.366	-0.883
1999-09-29	-1.084	-2.312	-3.029
1999-09-30	1.124	2.585	-1.171
1999-10-01	0.008	0.455	0.837
1999-10-04	1.684	2.332	2.715
1999-10-05	-0.249	1.583	-1.061
1999-10-06	1.831	0.413	0.979
1999-10-07	-0.587	-1.467	-1.721
1999-10-08	1.385	1.314	0.083
1999-10-11	-0.061	0.866	1.067
1999-10-12	-1.674	-0.954	0.245
1999-10-13	-2.116	-2.023	-6.133
1999-10-14	-0.166	-1.342	1.676
1999-10-15	-2.846	-3.204	-3.424
1999-10-18	0.537	0.279	-2.139
1999-10-19	0.572	0	-6.322
1999-10-20	2.204	3.732	7.13
1999-10-21	-0.452	-1.078	2.471
1999-10-22	1.396	-3.868	2.412
1999-10-25	-0.618	-0.094	-3.024
1999-10-26	-0.91	1.122	0.263
1999-10-27	1.148	2.84	-2.84
1999-10-28	3.466	2.498	3.884
1999-10-29	1.515	4.226	7.021
1999-11-01	-0.648	-1.532	-1.873
1999-11-02	-0.472	0.854	1.955
1999-11-03	0.532	-2.759	2.9
1999-11-04	0.567	-2.12	2.248
1999-11-05	0.555	4.794	0.991
1999-11-08	0.494	2.521	-0.303
1999-11-09	-0.855	-1.421	-2.543
1999-11-10	0.597	6.832	-1.336
1999-11-11	0.581	5.208	0.552
1999-11-12	1.051	-0.374	-4.177
1999-11-15	-0.12	-0.752	-2.829
1999-11-16	1.825	2.018	3.32
1999-11-17	-0.661	0.296	-2.395
1999-11-18	1.004	3.692	4.895
1999-11-19	-0.207	0.213	1.737
1999-11-22	-0.075	-0.712	0.779
1999-11-23	-1.154	1.137	-1.881
1999-11-24	0.882	4.353	3.956
1999-11-26	-0.033	0.808	-2.385
1999-11-29	-0.622	-0.47	-1.65
1999-11-30	-1.353	-3.917	-2.891
1999-12-01	0.632	2.492	-0.49
1999-12-02	0.807	2.231	1.625
1999-12-03	1.707	2.182	1.44
1999-12-06	-0.698	2.773	-1.038
1999-12-07	-1	3.254	-0.887
1999-12-08	-0.376	-1.551	-3.544
1999-12-09	0.301	-1.322	-1.692
1999-12-10	0.632	1.197	-1.374
1999-12-13	-0.128	1.369	2.478
1999-12-14	-0.855	-3.265	-2.218
1999-12-15	0.721	-2.128	8.593
1999-12-16	0.386	2.065	1.649
1999-12-17	0.158	1.835	2.234
1999-12-20	-0.207	3.512	-1.226
1999-12-21	1.076	0.723	2.211
1999-12-22	0.188	-1.452	-0.453
1999-12-23	1.535	1.872	0.755
1999-12-27	-0.085	0.715	2.304
1999-12-28	0.038	0	-2.455
1999-12-29	0.397	0.887	1.048
1999-12-30	0.069	0.059	-0.224
1999-12-31	0.326	0.879	-1.657
